id;station;working;capacity;avail. station;avail. bike;mech. bike;elec. bike;atm;bike return;data actualization;geo;commune;arrond
16107;Benjamin Godard - Victor Hugo;True;35;19;16;3;13;True;True;2022-03-10T15:58:38+01:00;48.865983,2.275725;Paris;75116
12109;Mairie du 12ème;True;30;18;11;7;4;True;True;2022-03-10T15:53:35+01:00;48.84085531176338,2.3875549435615544;Paris;75112
11104;Charonne - Robert et Sonia Delauney;True;20;12;8;3;5;True;True;2022-03-10T15:56:41+01:00;48.85590755596891,2.3925706744194035;Paris;75111
5001;Harpe - Saint-Germain;True;45;27;17;16;1;True;True;2022-03-10T15:58:38+01:00;48.85151881501689,2.343670316040516;Paris;75105
9020;Toudouze - Clauzel;True;21;16;5;0;5;True;True;2022-03-10T15:57:21+01:00;48.87929591733507,2.3373600840568547;Paris;75109
8026;Messine - Place Du Pérou;True;12;5;7;3;4;True;True;2022-03-10T15:57:28+01:00;48.875448033960744,2.315508019010038;Paris;75108
14014;Jourdan - Stade Charléty;True;60;56;3;0;3;True;True;2022-03-10T15:53:36+01:00;48.819428333369,2.3433353751898;Paris;75113
6003;Saint-Sulpice;True;21;5;15;14;1;True;True;2022-03-10T15:55:14+01:00;48.85165383178419,2.3308077827095985;Paris;75106
10013;Alibert - Jemmapes;True;60;48;9;3;6;True;True;2022-03-10T15:57:30+01:00;48.8710440519842,2.366104461987773;Paris;75110
5110;Lacépède - Monge;True;23;19;4;0;4;True;True;2022-03-10T15:54:16+01:00;48.84389286531899,2.3519663885235786;Paris;75105
14111;Cassini - Denfert-Rochereau;True;25;22;2;0;2;True;True;2022-03-10T15:54:38+01:00;48.83752583906732,2.336035408079624;Paris;75114
33006;André Karman - République;True;31;20;10;9;1;True;True;2022-03-10T15:58:22+01:00;48.91039875761846,2.3851355910301213;Aubervilliers;93001
13007;Le Brun - Gobelins;True;48;46;2;0;2;True;True;2022-03-10T15:54:48+01:00;48.835092787823875,2.353468135133752;Paris;75113
42016;Pierre et Marie Curie - Maurice Thorez;True;27;23;4;1;3;True;True;2022-03-10T15:58:42+01:00;48.81580226360801,2.376804985105991;Ivry-sur-Seine;94041
6108;Saint-Romain - Cherche-Midi;True;17;14;3;3;0;True;True;2022-03-10T15:58:50+01:00;48.84708159081946,2.321374788880348;Paris;75106
6021;Beaux-Arts - Bonaparte;True;20;3;16;16;0;True;True;2022-03-10T15:59:08+01:00;48.856451985395786,2.334851883351803;Paris;75106
41301;Bois de Vincennes - Gare;True;50;42;6;4;2;True;True;2022-03-10T15:57:28+01:00;48.836022242886884,2.4708339950830287;Nogent-sur-Marne;94052
25006;Place Nelson Mandela;True;22;16;2;0;2;True;True;2022-03-10T15:58:58+01:00;48.862090937689715,2.196576297283173;Rueil-Malmaison;92063
21010;Silly - Galliéni;True;25;22;3;2;1;True;True;2022-03-10T15:58:15+01:00;48.835583838705936,2.2325500845909123;Boulogne-Billancourt;92012
17026;Jouffroy d'Abbans - Wagram;True;40;29;10;4;6;True;True;2022-03-10T15:58:32+01:00;48.881973298351625,2.301132157444954;Paris;75117
17041;Guersant - Gouvion-Saint-Cyr;True;36;21;14;9;5;True;True;2022-03-10T15:58:13+01:00;48.88287775178599,2.287667370814871;Paris;75117
17038;Grande Armée - Brunel;True;62;45;4;1;3;True;True;2022-03-10T15:57:24+01:00;48.876116,2.288124;Paris;75117
7001;Invalides - Duroc;True;29;22;6;3;3;True;True;2022-03-10T15:58:21+01:00;48.8477924732952,2.3161920905113225;Paris;75107
7003;Square Boucicaut;True;60;7;53;42;11;True;True;2022-03-10T15:58:43+01:00;48.851296433665276,2.325061820447445;Paris;75107
15047;Morillons - Dantzig;True;52;51;1;1;0;True;True;2022-03-10T15:57:06+01:00;48.83310149953933,2.299380004405976;Paris;75115
7002;Vaneau - Sèvres;True;35;24;11;10;1;True;True;2022-03-10T15:59:01+01:00;48.84856323305935,2.3204218259345537;Paris;75107
17048;De Toqueville - Terrasse;True;30;25;5;0;5;True;True;2022-03-10T15:57:31+01:00;48.882428,2.314002;Paris;75117
5016;Thouin - Cardinal Lemoine;True;17;3;14;1;13;True;True;2022-03-10T15:59:06+01:00;48.84504716661511,2.3494647851273465;Paris;75105
20143;Ramponeau - Belleville;True;44;39;5;0;5;True;True;2022-03-10T15:59:02+01:00;48.871031137596006,2.3790568521139748;Paris;75120
11025;Froment - Bréguet;True;43;29;13;7;6;True;True;2022-03-10T15:57:51+01:00;48.8570414504784,2.37289470306807;Paris;75111
14108;Le Brix et Mesmin - Jourdan;True;21;21;0;0;0;True;True;2022-03-10T15:56:04+01:00;48.82234096593411,2.327861653302471;Paris;75114
17025;Chazelles - Courcelles;True;35;30;5;3;2;True;True;2022-03-10T15:57:16+01:00;48.879406604954,2.3034455627202988;Paris;75117
31024;Romainville - Vaillant-Couturier;True;38;32;3;0;3;True;True;2022-03-10T15:59:04+01:00;48.86785,2.446748;Montreuil;93048
13101;Croulebarde - Corvisart;True;34;23;10;9;1;True;True;2022-03-10T15:58:37+01:00;48.830981659316855,2.3481646925210953;Paris;75113
15026;Bir Hakeim;True;33;9;24;14;10;True;True;2022-03-10T15:58:52+01:00;48.853844054333514,2.289705348222022;Paris;75115
47007;Liberté - Vert-de-Maisons;True;20;13;7;3;4;True;True;2022-03-10T15:56:36+01:00;48.79014780960843,2.43286281824112;Maisons-Alfort;94046
19033;Cambrai - Benjamin Constant;True;43;37;6;4;2;True;True;2022-03-10T15:58:28+01:00;48.89594736851349,2.381133802246315;Paris;75119
17044;Porte de Saint-Ouen - Bessières;True;42;37;5;5;0;True;True;2022-03-10T15:50:48+01:00;48.89792240854517,2.32851451022192;Paris;75117
16138;Saint-Cloud - Hippodrome;True;30;19;10;6;4;True;True;2022-03-10T15:58:49+01:00;48.85772148887421,2.2549109905958176;Paris;75116
8050;Boétie - Ponthieu;True;33;6;24;17;7;True;True;2022-03-10T15:58:36+01:00;48.871417284354834,2.307678759098053;Paris;75108
7004;Raspail - Varenne;True;18;3;15;8;7;True;True;2022-03-10T15:59:01+01:00;48.85314781654488,2.3263905197381973;Paris;75107
43002;Lagny - Victor Basch;True;26;12;14;7;7;True;True;2022-03-10T15:57:30+01:00;48.84884147189881,2.426325418925233;Vincennes;94080
13030;Italie - Tolbiac;True;21;15;6;2;4;True;True;2022-03-10T15:58:58+01:00;48.82557229464416,2.3576171323657036;Paris;75113
21216;Louis Lejeune - Barbès;True;25;24;1;0;1;True;True;2022-03-10T15:57:09+01:00;48.81807418981508,2.3267009854316716;Montrouge;92049
6029;Vaugirard - Monsieur le Prince;True;26;16;10;2;8;True;True;2022-03-10T15:55:38+01:00;48.848951441614176,2.3411329463124275;Paris;75106
15068;Général Martial Valin - Pont du Garigliano;True;16;8;8;0;8;True;True;2022-03-10T15:54:14+01:00;48.83823094269141,2.270506024360657;Paris;75115
44017;Jules Guesde - Pont du Port à l'Anglais;True;30;13;17;15;2;True;True;2022-03-10T15:57:51+01:00;48.79628807093802,2.417212128639221;Vitry-sur-Seine;94081
22207;Rond-point du Dr Albert Schweitzer;True;22;17;5;4;1;True;True;2022-03-10T15:55:45+01:00;48.78980918988166,2.3143940046429634;Bagneux;92007
16118;Michel-Ange - Parent de Rosan;True;26;1;0;0;0;False;False;2022-03-10T15:52:42+01:00;48.840579923690115,2.2584119439125065;Paris;75116
92002;Théâtre des Amandiers - Palais des sports;True;24;3;21;3;18;True;True;2022-03-10T15:58:32+01:00;48.89264852683893,2.2136941552162175;Nanterre;92050
9008;Tour d'Auvergne - Rodier;True;17;14;3;0;3;True;True;2022-03-10T15:57:38+01:00;48.879161,2.343698;Paris;75109
19027;Serrurier;True;18;16;1;1;0;True;True;2022-03-10T15:56:30+01:00;48.8804934032465,2.39806417375803;Paris;75119
8103;Artois - Berri;True;23;1;22;10;12;True;True;2022-03-10T15:59:00+01:00;48.87393521240818,2.3064258322119713;Paris;75108
31028;Raspail Barbès;True;28;25;3;0;3;True;True;2022-03-10T15:49:26+01:00;48.8529945,2.4247387;Montreuil;93048
16110;Octave Feuillet - Albéric Magnard;True;21;20;1;0;1;True;True;2022-03-10T15:58:05+01:00;48.86106902949534,2.2730283066630363;Paris;75116
2017;Caire - Dussoubs;True;40;3;36;35;1;True;True;2022-03-10T15:56:56+01:00;48.86785342111862,2.349364310503006;Paris;75102
18134;Ney - Porte de Clignancourt;True;25;23;2;1;1;True;True;2022-03-10T15:56:25+01:00;48.8978867,2.3458001;Paris;75118
8048;Marceau - Chaillot;True;21;8;13;0;13;True;True;2022-03-10T15:52:13+01:00;48.86883394989261,2.2989967837929726;Paris;75108
14002;Edgar Quinet - Raspail;True;46;40;6;1;5;True;True;2022-03-10T15:58:14+01:00;48.83940266673835,2.32971478253603;Paris;75114
14013;Liard - Amiral Mouchez;True;14;11;3;2;1;True;True;2022-03-10T15:50:59+01:00;48.8214169,2.342167;Paris;75114
9014;Faubourg Montmartre - La Fayette;True;35;1;33;18;15;True;True;2022-03-10T15:57:26+01:00;48.87525454905335,2.340853661298752;Paris;75109
7011;Las Cases - Bourgogne;True;22;4;18;15;3;True;True;2022-03-10T15:57:15+01:00;48.85909110474066,2.3185685276985173;Paris;75107
9001;Bellefond - Poissonnière;True;17;14;2;0;2;True;True;2022-03-10T15:59:04+01:00;48.87759897050706,2.348463758826256;Paris;75109
18111;Félix Ziem - Armand Gauthier;True;25;24;1;0;1;True;True;2022-03-10T15:57:03+01:00;48.88949630486821,2.333393658804396;Paris;75118
17032;Jean Oestreicher - Porte de Champerret;True;21;13;8;3;5;True;True;2022-03-10T15:56:33+01:00;48.88655580065981,2.288640439510346;Paris;75117
48003;Youri Gagarine - Karl Marx;True;22;21;1;0;1;True;True;2022-03-10T15:52:02+01:00;48.78448485079149,2.35908430069685;Villejuif;94076
8016;Square Louis XVI;True;29;2;27;20;7;True;True;2022-03-10T15:59:00+01:00;48.87320440102894,2.323658830743138;Paris;75108
43009;Place Jean-Spire-Lemaître;True;50;42;8;0;8;True;True;2022-03-10T15:58:35+01:00;48.8468428626593,2.452062070369721;Vincennes;94033
10115;Granges aux Belles;True;27;23;3;3;0;True;True;2022-03-10T15:58:27+01:00;48.8761373390584,2.3680844979417;Paris;75110
8053;Place Georges Guillaumin;True;29;0;29;12;17;True;True;2022-03-10T15:59:00+01:00;48.874750203956566,2.301771435325988;Paris;75108
13118;Regnault - Patay;True;63;17;45;40;5;True;True;2022-03-10T15:56:16+01:00;48.82435782216384,2.377065159380436;Paris;75113
10162;Alexandre Parodi - Quai de Valmy;True;24;22;0;0;0;True;True;2022-03-10T15:53:47+01:00;48.87935941942529,2.366596162319184;Paris;75110
12031;Gabriel Lamé;True;36;0;33;32;1;True;True;2022-03-10T15:58:57+01:00;48.8351212784276,2.385534569621086;Paris;75112
10029;Dunkerque - Rocroy;True;24;20;2;1;1;True;True;2022-03-10T15:54:59+01:00;48.880726,2.351464;Paris;75110
5022;Boulangers - Cardinal Lemoine;True;20;5;13;7;6;True;True;2022-03-10T15:57:59+01:00;48.8462904,2.3521495;Paris;75105
5005;Gay Lussac - Saint-Jacques;True;24;8;16;12;4;True;True;2022-03-10T15:58:15+01:00;48.844730256132095,2.341923944866407;Paris;75105
17040;Pereire - Ternes;True;48;41;7;6;1;True;True;2022-03-10T15:58:51+01:00;48.87973954830735,2.288012132048607;Paris;75117
10161;Gare de l'Est - Faubourg-Saint-Martin;True;32;21;8;4;4;True;True;2022-03-10T15:58:24+01:00;48.87564264747718,2.3594588041305546;Paris;75110
9038;Douai - Bruxelles;True;27;25;0;0;0;True;True;2022-03-10T15:58:29+01:00;48.88320784122797,2.3308449949028507;Paris;75118
41303;Gare de Nogent-le-Perreux;True;32;10;21;17;4;True;True;2022-03-10T15:50:06+01:00;48.83842553348809,2.493693307042122;Nogent-sur-Marne;94052
8009;Gare Saint-Lazare - Isly;True;27;1;24;15;9;True;True;2022-03-10T15:58:01+01:00;48.874777677621296,2.326515804784655;Paris;75109
7018;Ségur - d'Estrées;True;19;8;11;7;4;True;True;2022-03-10T15:57:30+01:00;48.85141997898257,2.3097044974565506;Paris;75107
22409;Henri Barbusse - Stalingrad;True;16;8;8;4;4;True;True;2022-03-10T15:57:14+01:00;48.814183748660554,2.2872862592339516;Malakoff;92046
9002;Abbeville - Faubourg Poissonnière;True;14;12;1;0;1;True;True;2022-03-10T15:58:52+01:00;48.879223,2.349147;Paris;75110
5020;Institut du Monde Arabe - Saint-Germain;True;40;5;31;27;4;True;True;2022-03-10T15:58:54+01:00;48.84906329950134,2.3558086529374123;Paris;75105
9106;Boudreau - Auber;True;14;4;10;9;1;True;True;2022-03-10T15:57:02+01:00;48.87219,2.329423;Paris;75109
10025;Jemmapes - Ecluses Saint-Martin;True;15;14;0;0;0;True;True;2022-03-10T15:57:30+01:00;48.87748519186726,2.3660067468881607;Paris;75110
1001;Quai de l'Horloge - Pont Neuf;True;17;11;3;0;3;True;True;2022-03-10T15:57:43+01:00;48.857058739111096,2.341798283943937;Paris;75101
19015;Thionville - Ourcq;True;24;21;3;0;3;True;True;2022-03-10T15:57:54+01:00;48.88917613743794,2.3833653330802917;Paris;75119
19105;Ambroise Rendu - Porte Brunet;True;17;14;3;0;3;True;True;2022-03-10T15:54:21+01:00;48.883667,2.395733;Paris;75119
17004;Legendre - Clichy;True;40;35;5;1;4;True;True;2022-03-10T15:57:28+01:00;48.88896161855884,2.322528975094376;Paris;75117
31103;Gare Rosny-Bois-Perrier;True;36;12;23;5;18;True;True;2022-03-10T15:59:00+01:00;48.88115023337061,2.480436824262142;Rosny-sous-Bois;93064
19003;Quai de la Seine;True;24;22;2;0;2;True;True;2022-03-10T15:51:48+01:00;48.884492238407525,2.3703941702842717;Paris;75119
6001;Institut de France;True;17;3;13;6;7;True;True;2022-03-10T15:56:13+01:00;48.85761567856468,2.335831353037739;Paris;75106
31024_relais;Romainville - Vaillant-couturier;True;0;0;0;0;0;True;True;2022-03-10T15:58:47+01:00;48.868054,2.4470495;Montreuil;93048
17008;Porte Pouchet-Bessières;True;23;18;5;4;1;True;True;2022-03-10T15:57:44+01:00;48.8978765,2.3230632;Paris;75117
18107;Chartres - La Charbonnière;True;34;33;1;0;1;True;True;2022-03-10T15:56:00+01:00;48.8847601,2.3534657;Paris;75118
15112;Vigée-Lebrun - Anselme Payen;True;24;22;2;2;0;True;True;2022-03-10T15:54:48+01:00;48.838683941628375,2.3110422492027287;Paris;75115
12151;Gare de Lyon - Place Louis Armand;True;60;3;54;52;2;True;True;2022-03-10T15:58:53+01:00;48.8455150897939,2.3726498446286;Paris;75112
7025;Octave Gréard - Tour Eiffel;True;33;1;32;26;6;True;True;2022-03-10T15:59:02+01:00;48.856502977695634,2.293178754328878;Paris;75107
92007;Pesaro - Préfecture;True;22;5;16;7;9;True;True;2022-03-10T15:53:32+01:00;48.89577046284005,2.223908342421055;Nanterre;92050
31706;Château - République;True;26;21;3;0;3;True;True;2022-03-10T15:59:00+01:00;48.8629238005955,2.415503561496735;Bagnolet;93006
9022;Rossini - Laffitte;True;33;2;30;19;11;True;True;2022-03-10T15:57:50+01:00;48.87334627510507,2.337980867701675;Paris;75109
17012;Mairie du 17ème;True;24;20;4;0;4;True;True;2022-03-10T15:52:39+01:00;48.88416184871573,2.322079431103719;Paris;75117
16026;Ranelagh - Mozart;True;23;18;4;2;2;True;True;2022-03-10T15:57:31+01:00;48.8554439,2.2704418;Paris;75116
26003;Argenteuil - Voltaire;True;16;15;1;1;0;True;True;2022-03-10T15:57:04+01:00;48.91864865955558,2.2814112156629562;Asnières-sur-Seine;92004
9028;Moncey - Blanche;True;17;13;3;0;3;True;True;2022-03-10T15:59:08+01:00;48.88006587474148,2.3310810327529907;Paris;75109
8036;Lisbonne - Monceau;True;33;8;25;3;22;True;True;2022-03-10T15:58:16+01:00;48.87745567681383,2.309694221419506;Paris;75108
20042;Pyrénées - Emmery;True;40;37;3;1;2;True;True;2022-03-10T15:58:47+01:00;48.872010281270974,2.392039597034455;Paris;75120
10107;Gare du Nord - Hôpital Lariboisière;True;49;47;2;0;2;True;True;2022-03-10T15:59:03+01:00;48.881949,2.352339;Paris;75110
17043;Belidor - Gouvion-Saint-Cyr;True;39;28;11;3;8;True;True;2022-03-10T15:55:40+01:00;48.88022154052015,2.2854680567979813;Paris;75117
11027;Saint-Ambroise - Parmentier;True;38;33;5;2;3;True;True;2022-03-10T15:58:59+01:00;48.86214784454763,2.3772348091006275;Paris;75111
11002;Roquette - Thiéré;True;23;9;14;9;5;True;True;2022-03-10T15:59:01+01:00;48.85507930579506,2.3733686318721463;Paris;75111
19026;Place de Rhin et Danube;True;17;17;0;0;0;True;True;2022-03-10T15:54:43+01:00;48.88192765861766,2.392586767673493;Paris;75119
16039;Exelmans - Versailles;True;49;45;2;2;0;True;True;2022-03-10T15:51:59+01:00;48.84097491091973,2.264390252530575;Paris;75116
11023;Saint-Maur - Roquette;True;46;41;3;2;1;True;True;2022-03-10T15:58:41+01:00;48.858688774062955,2.383553994571467;Paris;75111
45003;11 Novembre 1918 - 8 Mai 1945;True;36;29;7;1;6;True;True;2022-03-10T15:50:01+01:00;48.80889533774377,2.5382421165704727;Champigny-sur-Marne;94017
31009;Place Du Général De Gaulle;True;26;23;2;0;2;True;True;2022-03-10T15:56:19+01:00;48.8687591,2.4329931;Montreuil;93048
8034;Berri - Haussmann;True;35;5;30;19;11;True;True;2022-03-10T15:56:17+01:00;48.874746047357135,2.3082953318953514;Paris;75108
11047;Amelot - Saint-Sébastien;True;30;5;21;12;9;True;True;2022-03-10T15:56:47+01:00;48.86114216276092,2.367799618107727;Paris;75111
15067;Desaix - Edgar Faure;True;12;4;8;8;0;True;True;2022-03-10T15:58:06+01:00;48.852804604940296,2.293077029857222;Paris;75115
17030;Pereire - Rennequin;True;23;20;2;0;2;True;True;2022-03-10T15:58:52+01:00;48.88364782887555,2.2952447086572647;Paris;75117
43401;Gare RER - Canadiens;True;45;29;15;3;12;True;True;2022-03-10T15:57:50+01:00;48.81995307955795,2.464176752459464;Joinville-le-Pont;94042
12111;Claude Decaen - Cannebière;True;27;25;2;2;0;True;True;2022-03-10T15:54:26+01:00;48.83761417037952,2.397253782195704;Paris;75112
26002;Redoute - Les Courtilles;True;32;4;28;14;14;True;True;2022-03-10T15:59:03+01:00;48.92986719451888,2.283669635653496;Asnières-sur-Seine;92004
19043;Delphine Seyrig - Général Leclerc;True;53;50;2;0;2;True;True;2022-03-10T15:56:41+01:00;48.893923963057865,2.39790290594101;Pantin;93055
8010;Liège - Moscou;True;17;12;2;0;2;True;True;2022-03-10T15:55:59+01:00;48.8795431,2.3264628;Paris;75108
5032;Panthéon - Valette;True;39;11;27;3;24;True;True;2022-03-10T15:56:45+01:00;48.84702057165222,2.3464982619671075;Paris;75105
19101;Square Simon Bolivar;True;24;22;2;2;0;True;True;2022-03-10T15:55:38+01:00;48.8750898883217,2.3826304078102116;Paris;75119
14020;Cimetière de Montrouge;True;58;52;5;2;3;True;True;2022-03-10T15:54:03+01:00;48.822009,2.322188699;Paris;75114
46002;Rouget de Lisle;True;35;20;15;11;4;True;True;2022-03-10T15:58:16+01:00;48.764615483395254,2.4071189761161804;Choisy-le-Roi;94022
6006;Notre-Dame-des-Champs - Stanislas;True;19;19;0;0;0;True;True;2022-03-10T15:58:42+01:00;48.84479928858768,2.329337755887181;Paris;75106
18003;Cimetière de Montmartre;True;43;40;3;1;2;True;True;2022-03-10T15:52:28+01:00;48.886472466141925,2.3328901827335358;Paris;75118
12128;Pyramide - Ecole du Breuil;True;34;23;11;10;1;True;True;2022-03-10T15:56:49+01:00;48.82237977153955,2.4586871266365056;Paris;75112
11113;Richard Lenoir - Republique;True;58;49;8;6;2;True;True;2022-03-10T15:55:44+01:00;48.8667175,2.3692541;Paris;75111
31022;Mairie de Montreuil;True;52;37;11;1;10;True;True;2022-03-10T15:58:59+01:00;48.86131452758348,2.440614402294159;Montreuil;93048
21212;Marne - Germain Dardan;True;22;19;3;0;3;True;True;2022-03-10T15:58:38+01:00;48.81154270401601,2.303070724010468;Montrouge;92049
14003;Schoelcher - Raspail;True;50;48;2;1;1;True;True;2022-03-10T15:59:06+01:00;48.83681733526843,2.3312794080411474;Paris;75114
42706;Roger Salengro - Fontainebleau;True;25;20;5;0;5;True;True;2022-03-10T15:56:42+01:00;48.814548697324845,2.36116636544466;Le Kremlin-Bicêtre;94043
10016;Récollets - Square Villemin;True;17;15;2;0;2;True;True;2022-03-10T15:58:24+01:00;48.875034655883944,2.359801238597928;Paris;75110
33017;Anatole France - President Roosevelt;True;29;25;4;2;2;True;True;2022-03-10T15:57:15+01:00;48.9155156,2.3814103;Aubervilliers;93001
41302;Charles de Gaulle - Beauté;True;49;46;1;0;1;True;True;2022-03-10T15:55:48+01:00;48.83649602312711,2.479562651149885;Nogent-sur-Marne;94052
15042;Henry Farman;True;16;0;16;14;2;True;True;2022-03-10T15:54:00+01:00;48.83372430280548,2.2713854536414146;Paris;75115
43008;Fontenay - Libération;True;25;21;3;0;3;True;True;2022-03-10T15:58:24+01:00;48.84780306364685,2.445141971111298;Vincennes;94080
20112;Jourdain - Place des Grandes Rigoles;True;22;22;0;0;0;True;True;2022-03-10T15:58:25+01:00;48.87403113727167,2.38959476351738;Paris;75120
21312;Lucie Aubrac - Fort;True;30;28;2;1;1;True;True;2022-03-10T15:57:06+01:00;48.818144834008976,2.271184623241425;Issy-les-Moulineaux;92040
19044;Grands Moulins de Pantin;True;50;47;3;1;2;True;True;2022-03-10T15:54:37+01:00;48.89738369720229,2.3959985375404362;Paris;93055
15104;Hôpital Européen Georges Pompidou;True;64;22;41;36;5;True;True;2022-03-10T15:56:35+01:00;48.83769531916335,2.275374233722687;Paris;75115
33102;Gabriel Péri - Francisco Ferrer;True;18;14;4;1;3;True;True;2022-03-10T15:52:04+01:00;48.88633710236977,2.407338917255402;Le Pré-Saint-Gervais;93061
5004;Saint-Jacques - Val de Grâce;True;20;15;4;0;4;True;True;2022-03-10T15:53:42+01:00;48.8417514,2.3413893;Paris;75105
8045;Place de la Reine Astrid;True;58;11;46;26;20;True;True;2022-03-10T15:58:49+01:00;48.86492098253841,2.302549182385926;Paris;75108
19103;Manin - Carrières d'Amérique;True;20;17;2;1;1;True;True;2022-03-10T15:49:22+01:00;48.88467214209463,2.3919698596000676;Paris;75119
18011;Pajol - Place Herbert;True;39;35;4;3;1;True;True;2022-03-10T15:58:44+01:00;48.8927825,2.3635598;Paris;75118
12114;Victor Hugo - Jeanne Jugan;True;28;24;4;2;2;True;True;2022-03-10T15:58:41+01:00;48.843949064031825,2.415081394834419;Paris;75112
13001;Port-Royal - Hôpital du Val-de-Grâce;True;18;4;14;5;9;True;True;2022-03-10T15:58:10+01:00;48.8376682728114,2.344813834660711;Paris;75113
14138;Porte de Vanves;True;32;31;1;1;0;True;True;2022-03-10T15:58:53+01:00;48.82801284944511,2.3056878894567485;Paris;75114
44006;Concorde - Stalingrad;True;35;28;7;1;6;True;True;2022-03-10T15:57:38+01:00;48.7985844,2.3821302;Vitry-sur-Seine;94081
46003;Conservatoire de Musique;True;25;17;8;6;2;True;True;2022-03-10T15:58:18+01:00;48.77093586667601,2.4034014344215398;Choisy-le-Roi;94022
22202;Jean Marin Naudin - Stalingrad;True;30;28;1;0;1;True;True;2022-03-10T15:54:58+01:00;48.805713897355375,2.320202328264713;Bagneux;92007
41209;Cimetière de Fontenay-sous-Bois;True;15;11;4;0;4;True;True;2022-03-10T15:57:50+01:00;48.84706173362218,2.4787822365760808;Fontenay-sous-Bois;94033
19120;Carducci - Place Hannah Arendt;True;27;25;1;0;1;True;True;2022-03-10T15:55:29+01:00;48.877436681515796,2.3860743641853337;Paris;75119
10024;Buisson Saint-Louis - Saint-Maur;True;19;13;5;0;5;True;True;2022-03-10T15:55:52+01:00;48.87174684930295,2.3722528328789854;Paris;75110
21306;Place Lafayette;True;62;5;55;37;18;True;True;2022-03-10T15:54:56+01:00;48.829654975522296,2.263867557048798;Issy-les-Moulineaux;92040
18031;Place Albert Kahn;True;46;43;3;0;3;True;True;2022-03-10T15:58:18+01:00;48.8957969797804,2.345585584134864;Paris;75118
15105;Fédération - Suffren;True;25;8;17;16;1;True;True;2022-03-10T15:59:05+01:00;48.852828153442346,2.2978776320815086;Paris;75115
42014;Place Marcel Cachin;True;32;6;26;23;3;True;True;2022-03-10T15:57:42+01:00;48.81411442356866,2.39090770483017;Ivry-sur-Seine;94041
18028;Championnet - Vauvenargues;True;33;31;1;0;1;True;True;2022-03-10T15:58:51+01:00;48.89401874744574,2.3319872841238976;Paris;75118
8017;Rocher - Laborde;True;65;33;32;27;5;True;True;2022-03-10T15:56:47+01:00;48.87590240712654,2.322616316378116;Paris;75108
20037;Gambetta - Saint Fargeau;True;24;23;1;1;0;True;True;2022-03-10T15:51:56+01:00;48.871244610447015,2.4039056897163396;Paris;75120
15054;Lecourbe - Jean Maridor;True;19;15;4;3;1;True;True;2022-03-10T15:53:13+01:00;48.83796366147599,2.2877392172813416;Paris;75115
5018;Mutualité;True;37;16;20;14;6;True;True;2022-03-10T15:59:03+01:00;48.8482255727241,2.350287325680256;Paris;75105
14008;Mouton Duvernet - Général Leclerc;True;39;33;4;2;2;True;True;2022-03-10T15:58:19+01:00;48.831632518292565,2.3293121159076686;Paris;75114
15106;Grenelle - Violet;True;35;3;32;27;5;True;True;2022-03-10T15:58:53+01:00;48.84993035512154,2.294612042605877;Paris;75115
44013;Edouard Tremblay - Julian Grimau;True;30;29;1;0;1;True;True;2022-03-10T15:56:10+01:00;48.78138382511671,2.3723508417606354;Vitry-sur-Seine;94081
5124;Erasme - Ulm;True;24;17;5;0;5;True;True;2022-03-10T15:59:01+01:00;48.84264375274712,2.3445946723222733;Paris;75105
21209;Molière - République;True;30;25;5;0;5;True;True;2022-03-10T15:56:29+01:00;48.81111581390707,2.3145738624448158;Montrouge;92049
14106;Marc Sangnier - Porte de Vanves;True;21;19;2;1;1;True;True;2022-03-10T15:51:31+01:00;48.825218683556734,2.3107116669416428;Paris;75114
15110;Place Robert Guillemard;True;24;5;18;18;0;True;True;2022-03-10T15:58:25+01:00;48.836191728066666,2.2811267160086417;Paris;75115
18046;Etienne Jodelle - Saint Ouen;True;33;32;0;0;0;True;True;2022-03-10T15:57:22+01:00;48.88794016394694,2.326124420314341;Paris;75117
21006;Marcelin Berthelot;True;27;15;11;9;2;True;True;2022-03-10T15:57:35+01:00;48.8415473058801,2.233161628246308;Boulogne-Billancourt;92012
22406;Guy Môquet - Etienne Dolet;True;23;22;1;1;0;True;True;2022-03-10T15:58:14+01:00;48.81527009991819,2.298078276995073;Malakoff;92046
20131;Repos - Cimetière du Père Lachaise;True;33;30;2;0;2;True;True;2022-03-10T15:58:31+01:00;48.859358523592554,2.389613136684456;Paris;75111
35002;Jean Jaurès - Presles;True;30;25;3;1;2;True;True;2022-03-10T15:57:17+01:00;48.90713441498779,2.396005728053061;Pantin;93055
44003;Gabriel Péri - Danielle Casanova;True;20;17;2;0;2;True;True;2022-03-10T15:55:52+01:00;48.790114,2.4025777;Vitry-sur-Seine;94081
31102;Boissière - Etienne Dolet;True;21;21;0;0;0;True;True;2022-03-10T15:53:51+01:00;48.876111,2.4677312;Montreuil;93064
15034;Lakanal - Commerce;True;53;50;1;0;1;True;True;2022-03-10T15:58:05+01:00;48.84442462786544,2.294059172272682;Paris;75115
2111;Chabanais - Petits Champs;True;30;4;25;9;16;True;True;2022-03-10T15:58:52+01:00;48.86703740186721,2.336716018617153;Paris;75101
41404;Carnot - Pâquerettes;True;26;24;2;1;1;True;True;2022-03-10T15:51:53+01:00;48.79592939432515,2.4261841177940373;Alfortville;94002
8054;Bertie Albrecht - Hoche;True;32;12;20;10;10;True;True;2022-03-10T15:58:25+01:00;48.87614039826388,2.301303138307601;Paris;75108
41202;Gare Rer de Fontenay sous Bois;True;61;54;7;4;3;True;True;2022-03-10T15:59:08+01:00;48.8436279,2.4630465;Fontenay-sous-Bois;94033
15109;Cevennes - Bergers;True;29;3;24;20;4;True;True;2022-03-10T15:58:33+01:00;48.84240765130395,2.281037718057633;Paris;75115
42021;Raspail - Manufacture des Oeillets;True;32;28;4;2;2;True;True;2022-03-10T15:57:19+01:00;48.8094458,2.3903009;Ivry-sur-Seine;94041
14012;Sibelle - Alésia;True;25;18;7;3;4;True;True;2022-03-10T15:56:55+01:00;48.826701758539215,2.3384983465075493;Paris;75114
31708;Noisy le Sec - Jean-Baptiste Clément;True;22;20;1;0;1;True;True;2022-03-10T15:56:14+01:00;48.87451538963655,2.415283620357514;Bagnolet;93045
35010;Hoche - Jean Lolive;True;24;19;4;3;1;True;True;2022-03-10T15:57:58+01:00;48.89110239200789,2.402843534946442;Pantin;93055
20115;Louis Lumière - Porte de Bagnolet;True;20;20;0;0;0;True;True;2022-03-10T15:57:32+01:00;48.86431136000005,2.4105210229754443;Paris;75120
21005;Hôtel de Ville de Boulogne Billancourt;True;26;17;8;5;3;True;True;2022-03-10T15:59:07+01:00;48.83495885166784,2.2416803240776066;Boulogne-Billancourt;92012
1119;Cossonnerie - Sébastopol;True;24;7;18;13;5;True;True;2022-03-10T15:56:44+01:00;48.86132665908402,2.349419631063938;Paris;75101
14124;David Weill - Parc Montsouris;True;22;21;1;0;1;True;True;2022-03-10T15:51:25+01:00;48.821092374256104,2.333725690841675;Paris;75114
5106;Cujas - Saint-Michel;True;19;6;13;4;9;True;True;2022-03-10T15:57:55+01:00;48.84819134858432,2.34183165485398;Paris;75105
15133;Saint Lambert - Blomet;True;27;24;2;1;1;True;True;2022-03-10T15:51:10+01:00;48.83659148147257,2.2930556908249855;Paris;75115
11026;Chemin Vert - Saint-Maur;True;45;39;3;3;0;True;True;2022-03-10T15:57:36+01:00;48.86112461407359,2.381299026310444;Paris;75111
18022;Marcadet - Barbès;True;37;30;7;1;6;True;True;2022-03-10T15:54:03+01:00;48.89045112096476,2.349057392968696;Paris;75118
11030;Oberkampf - République;True;24;20;4;0;4;True;True;2022-03-10T15:56:57+01:00;48.865316087070475,2.3761147849099955;Paris;75111
10042;Enghien - Faubourg Poissonnière;True;16;16;0;0;0;False;False;2021-02-21T21:15:22+01:00;48.87242006305313,2.348395236282807;Paris;75110
19024;Botzaris - Parc des Buttes Chaumont;True;20;15;5;1;4;True;True;2022-03-10T15:57:47+01:00;48.877951,2.381464;Paris;75119
31008;François Debergue - Croix de Chavaux;True;57;50;7;3;4;True;True;2022-03-10T15:56:23+01:00;48.857421708072074,2.437578141689301;Montreuil;93048
9010;Rochechouart lamartine;True;24;16;8;7;1;True;True;2022-03-10T15:57:44+01:00;48.876719895109,2.344393021853951;Paris;75109
21015;Nationale - Place Jules Guesde;True;23;17;6;6;0;True;True;2022-03-10T15:55:16+01:00;48.82753962462998,2.2416052222251897;Boulogne-Billancourt;92012
15021;Joseph Liouville - Croix Nivert;True;64;40;24;21;3;True;True;2022-03-10T15:58:37+01:00;48.844835471244416,2.297508493065834;Paris;75115
22203;Tertres - Fontaine;True;28;25;3;1;2;True;True;2022-03-10T15:51:10+01:00;48.787553654715644,2.306235730648041;Bagneux;92007
17105;Place Madeleine Daniélou;True;42;40;2;0;2;True;True;2022-03-10T15:55:27+01:00;48.883498,2.282015;Paris;92051
48010;Karl Marx.;True;16;15;1;0;1;True;True;2022-03-10T15:54:09+01:00;48.784527937293184,2.3646667979455587;Villejuif;94076
5012;Estrapade - Ulm;True;16;5;11;1;10;True;True;2022-03-10T15:57:29+01:00;48.84512772828039,2.3454568170361734;Paris;75105
35020;Marcelle - Thalie;True;20;18;1;0;1;True;True;2022-03-10T15:52:12+01:00;48.8835462,2.4137883;Pantin;93045
15103;Cauchy - Cévennes;True;51;5;44;41;3;True;True;2022-03-10T15:59:03+01:00;48.8433725710224,2.275132834911347;Paris;75115
25003;Henri Ste-Claire Déville - Paul Héroult;True;24;3;20;15;5;True;True;2022-03-10T15:58:42+01:00;48.892663,2.172411;Rueil-Malmaison;92063
22003;Beffroy;True;26;5;20;15;5;True;True;2022-03-10T15:57:54+01:00;48.886591074487995,2.261394560337067;Neuilly-sur-Seine;92051
31003;Paris - Emile Zola;True;30;26;3;3;0;True;True;2022-03-10T15:57:37+01:00;48.854898095789295,2.4186685681343083;Montreuil;93048
14110;Abbé Carton - Plantes;True;25;21;4;0;4;True;True;2022-03-10T15:52:48+01:00;48.827673823165846,2.320918142795563;Paris;75114
22402;Jean Jaurès - Salvador Allende;True;43;36;5;1;4;True;True;2022-03-10T15:55:42+01:00;48.821475594736775,2.3026576638221745;Malakoff;92046
43005;Gare RER de Vincennes;True;51;27;24;6;18;True;True;2022-03-10T15:58:28+01:00;48.847563015126106,2.433383166790009;Vincennes;94080
9116;Victoire - Chaussée d'Antin;True;24;4;19;11;8;True;True;2022-03-10T15:57:40+01:00;48.875065791004396,2.3316738009452824;Paris;75109
16136;Théophile Gautier - François Millet;True;30;25;4;3;1;True;True;2022-03-10T15:56:13+01:00;48.85034821320644,2.273029983043671;Paris;75116
21008;Victor Hugo - Galliéni;True;34;21;13;12;1;True;True;2022-03-10T15:58:16+01:00;48.83802015441127,2.2460845112800603;Boulogne-Billancourt;92012
11024;Mairie du 11ème;True;51;36;15;7;8;True;True;2022-03-10T15:58:57+01:00;48.858925,2.3789759;Paris;75111
11039;Richard Lenoir - Jean-Pierre Timbaud;True;36;12;21;18;3;True;True;2022-03-10T15:58:12+01:00;48.86580427668637,2.369337074966926;Paris;75111
24001;Arche - Léonard de Vinci;True;28;22;5;5;0;True;True;2022-03-10T15:55:25+01:00;48.89790972494496,2.2383723043644914;Courbevoie;92026
17013;Legendre - Dulong;True;23;21;2;0;2;True;True;2022-03-10T15:58:41+01:00;48.885325169402904,2.316423766314984;Paris;75117
14136;Auguste Cain - Jean Moulin;True;40;39;1;0;1;True;True;2022-03-10T15:52:52+01:00;48.82577028927573,2.3210415244102482;Paris;75114
16008;Galilée - Kléber;True;33;22;11;5;6;True;True;2022-03-10T15:57:26+01:00;48.86741186571367,2.290781380114821;Paris;75116
9032;Mathurins - Auber;True;36;10;26;22;4;True;True;2022-03-10T15:58:05+01:00;48.872988840743595,2.3294984212276404;Paris;75109
17031;Place de la Porte de Champerret;True;28;20;7;6;1;True;True;2022-03-10T15:56:44+01:00;48.88561741628322,2.290781411279206;Paris;75117
5123;Saint-Germain - Thenard;True;31;0;29;20;9;True;True;2022-03-10T15:56:46+01:00;48.850571,2.3471015;Paris;75105
13050;Quai Panhard et Levassor;True;57;9;45;35;10;True;True;2022-03-10T15:58:45+01:00;48.82837482809675,2.384273745805574;Paris;75113
11035;Parmentier - Abel Rabaud;True;52;43;8;6;2;True;True;2022-03-10T15:53:06+01:00;48.86921273836114,2.371688821240712;Paris;75111
32604;Square du Théâtre du Garde-Chasse;True;50;48;1;0;1;True;True;2022-03-10T15:59:06+01:00;48.881287375060616,2.420119643211365;Les Lilas;93045
42010;Mairie d'Ivry-sur-Seine;True;53;49;4;2;2;True;True;2022-03-10T15:58:50+01:00;48.81057120969284,2.3842826485633855;Ivry-sur-Seine;94041
8057;Hoche - Tilsitt;True;33;31;1;0;1;True;True;2022-03-10T15:52:15+01:00;48.87483645783703,2.297132313251496;Paris;75108
15046;Parc Georges Brassens - Brancion;True;29;27;2;1;1;True;True;2022-03-10T15:58:27+01:00;48.83227829269761,2.3022570088505745;Paris;75115
11105;Parmentier - République;True;50;45;0;0;0;True;True;2022-03-10T15:56:39+01:00;48.8644954,2.3750124;Paris;75111
16040;Exelmans - Michel-Ange;True;33;27;3;0;3;True;True;2022-03-10T15:58:50+01:00;48.84309486651855,2.2597770800669053;Paris;75116
20134;Lieutenant Chauré - Etienne Marey;True;20;19;0;0;0;True;True;2022-03-10T15:49:54+01:00;48.86746195408435,2.405970990657807;Paris;75120
42302;Aristide Briand - Gare de Bagneux;True;22;19;2;0;2;True;True;2022-03-10T15:58:16+01:00;48.79387269664978,2.321148812770844;Cachan;94016
21701;Larmeroux - Baudelaire;True;29;27;1;0;1;True;True;2022-03-10T15:54:06+01:00;48.816939911291605,2.280989480484553;Vanves;92075
21110;Parc Roger Salengro;True;35;35;0;0;0;False;False;2022-03-10T15:56:41+01:00;48.905303858641844,2.310559451580048;Clichy;92024
18009;Jean-François Lépine - Stephenson;True;22;20;2;0;2;True;True;2022-03-10T15:56:49+01:00;48.88611466796807,2.356855627529275;Paris;75118
11042;Grand Prieuré - Crussol;True;49;17;29;26;3;True;True;2022-03-10T15:57:03+01:00;48.86466062793517,2.369226553182906;Paris;75111
16038;Molitor - Chardon-Lagache;True;34;25;9;8;1;True;True;2022-03-10T15:58:51+01:00;48.84520880183234,2.2656840831041336;Paris;75116
9005;Square d'Anvers;True;33;27;6;1;5;True;True;2022-03-10T15:53:23+01:00;48.882633484310816,2.344884406212207;Paris;75109
41601;Général De Gaulle - Alouette;True;26;21;5;3;2;True;True;2022-03-10T15:53:31+01:00;48.839109,2.4175664;Saint-Mandé;94067
1002;Victoria - Place du Chatelet;True;22;0;22;22;0;True;True;2022-03-10T15:57:58+01:00;48.85799259152685,2.3469167947769165;Paris;75101
17125;Marie-Georges Picquart - Pereire;True;32;32;0;0;0;True;True;2022-03-10T15:53:07+01:00;48.88863669349711,2.3111706599593163;Paris;75117
42504;Gare RER de Gentilly;True;30;27;3;0;3;True;True;2022-03-10T15:56:13+01:00;48.814280450380224,2.3410347104072575;Gentilly;94037
16108;Sablons - Georges Mandel;True;38;34;4;3;1;True;True;2022-03-10T15:59:00+01:00;48.863875,2.28189;Paris;75116
20121;Boyer - Ménilmontant;True;19;19;0;0;0;True;True;2022-03-10T15:56:25+01:00;48.86889516267913,2.3919824145634565;Paris;75120
19032;Villette - Belleville;True;48;37;7;5;2;True;True;2022-03-10T15:58:29+01:00;48.872687731400255,2.3764613270759587;Paris;75119
32016;Place de la Porte de Paris;True;40;32;6;3;3;True;True;2022-03-10T15:58:49+01:00;48.93009363207303,2.3564037680625916;Saint-Denis;93066
19022;Marché Secrétan;True;26;22;4;3;1;True;True;2022-03-10T15:58:38+01:00;48.88125496379482,2.373463287949562;Paris;75119
31010;Stalingrad - Désiré Chevalier;True;42;37;5;0;5;True;True;2022-03-10T15:59:04+01:00;48.85670169739857,2.445072233676911;Montreuil;93048
22016;Charles de Gaulle - Sablonville;True;26;18;7;3;4;True;True;2022-03-10T15:58:07+01:00;48.87991924860035,2.2763770446181297;Neuilly-sur-Seine;92051
92008;Hôtel de Ville de Nanterre;True;38;4;34;12;22;True;True;2022-03-10T15:57:57+01:00;48.892371898250424,2.205548956990242;Nanterre;92050
8025;Miromesnil - La Boétie;True;35;0;34;27;7;True;True;2022-03-10T15:58:46+01:00;48.87372241291653,2.315848097205162;Paris;75108
43003;Hôpital Bégin;True;26;14;11;5;6;True;True;2022-03-10T15:57:37+01:00;48.84571672113014,2.4272462725639348;Vincennes;94080
32302;Chemin Vert - Fraternité;True;20;20;0;0;0;True;True;2022-03-10T15:53:54+01:00;48.877141208359035,2.4461565166711807;Romainville;93063
12009;Charenton - Diderot;True;18;15;3;3;0;True;True;2022-03-10T15:57:41+01:00;48.84617146118711,2.3793068155646324;Paris;75112
10014;Marseille - Beaurepaire;True;55;43;9;3;6;True;True;2022-03-10T15:57:16+01:00;48.871624306962985,2.3639265082738348;Paris;75110
11036;Jules Ferry - Faubourg du Temple Paris;True;58;39;14;11;3;True;True;2022-03-10T15:58:57+01:00;48.868397,2.3678933;Paris;75111
13002;Arago - Glacière;True;27;19;8;3;5;True;True;2022-03-10T15:58:05+01:00;48.83486054775774,2.3445770524322067;Paris;75113
19125;Place de l'Édit de Nantes;True;30;27;2;2;0;True;True;2022-03-10T15:52:37+01:00;48.88879,2.3785;Paris;75119
46001;Place Paul Eluard;True;19;7;12;9;3;True;True;2022-03-10T15:58:25+01:00;48.7672039733195,2.4144977331161503;Choisy-le-Roi;94022
14036;Boulard - Daguerre;True;45;43;2;1;1;True;True;2022-03-10T15:56:30+01:00;48.83446472680611,2.3293386027216907;Paris;75114
22006;Pierret - Madrid;True;28;15;13;4;9;True;True;2022-03-10T15:57:52+01:00;48.882976576876565,2.260125767248034;Neuilly-sur-Seine;92051
11009;Boulets - Voltaire;True;24;18;5;4;1;True;True;2022-03-10T15:58:18+01:00;48.85218705621031,2.389030158519745;Paris;75111
17028;Reims - Raymond Pitet;True;37;33;4;1;3;True;True;2022-03-10T15:56:06+01:00;48.8888,2.296319;Paris;75117
11007;Jean Macé - Faidherbe;True;63;57;5;4;1;True;True;2022-03-10T15:55:49+01:00;48.85337548425958,2.3828620836138725;Paris;75111
21301;Saint-Vincent - Verdun;True;34;18;15;15;0;True;True;2022-03-10T15:53:03+01:00;48.819211549234495,2.254007756710053;Issy-les-Moulineaux;92040
32303;Gaston Roussel - Commune de Paris;True;30;22;7;5;2;True;True;2022-03-10T15:50:39+01:00;48.89432034553156,2.432552274419542;Romainville;93063
19029;Seine - Flandre;True;19;17;2;1;1;True;True;2022-03-10T15:58:30+01:00;48.886785741479684,2.3746193200349808;Paris;75119
21305;Place Jacques Madaule;True;25;11;14;10;4;True;True;2022-03-10T15:57:54+01:00;48.8239337873086,2.2606918215751652;Issy-les-Moulineaux;92040
32003;Wilson - Métallurgie;True;28;10;17;11;6;True;True;2022-03-10T15:55:38+01:00;48.909423010092326,2.3584435880184174;Saint-Denis;93066
26007;Square Gilbert Thomain;True;20;16;4;2;2;True;True;2022-03-10T15:53:49+01:00;48.90717373809284,2.2695400938391685;Asnières-sur-Seine;92004
21104;Madame de Sanzillon - Mozart;True;22;0;22;20;2;True;True;2022-03-10T15:57:43+01:00;48.90379820774301,2.3187401890754704;Clichy;93070
17102;Alfred Roll - Berthier;True;28;17;8;4;4;True;True;2022-03-10T15:56:48+01:00;48.88780857052871,2.30009529817631;Paris;75117
19016;Hautpoul - Jean Jaurès;True;33;25;7;3;4;True;True;2022-03-10T15:57:17+01:00;48.88639367943585,2.386541454435452;Paris;75119
7015;Varenne;True;47;15;32;26;6;True;True;2022-03-10T15:56:47+01:00;48.8572026618033,2.315277121961117;Paris;75107
7102;Mairie du 7ème;True;27;7;20;12;8;True;True;2022-03-10T15:59:04+01:00;48.8577967,2.3192664;Paris;75107
19005;Flandre - Riquet;True;21;18;3;2;1;True;True;2022-03-10T15:58:09+01:00;48.888013281448,2.3737595955229;Paris;75119
15013;Volontaire - Lecourbe;True;31;16;14;9;5;True;True;2022-03-10T15:58:23+01:00;48.8435137879902,2.3065522313117985;Paris;75115
14021;Place de la Porte de Châtillon;True;59;58;1;0;1;True;True;2022-03-10T15:56:13+01:00;48.8242469,2.3186306;Paris;75114
19013;Laumière - Petit;True;34;32;2;0;2;True;True;2022-03-10T15:58:25+01:00;48.88467368538326,2.380039058625698;Paris;75119
11115;Montreuil - Gonnet;True;24;19;4;4;0;True;True;2022-03-10T15:52:30+01:00;48.85050056492107,2.389085628786445;Paris;75111
11004;Charonne - Faubourg Saint-Antoine;True;34;11;22;21;1;True;True;2022-03-10T15:58:48+01:00;48.85219190969573,2.3740932717919354;Paris;75112
15025;Dupleix - du Guesclin;True;47;24;23;14;9;True;True;2022-03-10T15:56:34+01:00;48.85147910413369,2.296709530055523;Paris;75115
42301;Gare Arcueil - Cachan;True;26;17;9;4;5;True;True;2022-03-10T15:58:44+01:00;48.799824,2.328171;Arcueil;94016
35018;Ancien Canal - Hélène Brion;True;23;15;7;4;3;True;True;2022-03-10T15:57:37+01:00;48.89484799296163,2.4188338592648506;Pantin;93055
42015;Place Jean Ferrat;True;25;19;6;1;5;True;True;2022-03-10T15:59:05+01:00;48.8184945213025,2.3744174838066106;Ivry-sur-Seine;94041
17011;Fragonard - Porte de Clichy;True;56;30;25;20;5;True;True;2022-03-10T15:57:58+01:00;48.89415563341899,2.314389310777188;Paris;75117
19008;Flandre - Alphonse Karr;True;26;24;2;0;2;True;True;2022-03-10T15:55:35+01:00;48.89465,2.381868;Paris;75119
10113;Parmentier - Hôpital Saint-Louis;True;43;41;0;0;0;True;True;2022-03-10T15:55:04+01:00;48.87137987425661,2.369896383666685;Paris;75110
20111;Villiers de l'Isle Adam - Pyrénées;True;20;19;1;0;1;True;True;2022-03-10T15:51:02+01:00;48.867362,2.396222;Paris;75120
12027;Montgallet - Charenton;True;16;6;10;8;2;True;True;2022-03-10T15:58:24+01:00;48.84264777870052,2.386164927813738;Paris;75112
15201;Place Amédée Gordini - Lefebvre;True;38;30;6;2;4;True;True;2022-03-10T15:57:27+01:00;48.83061737745046,2.2920634208276174;Paris;75115
24002;Gare de Courbevoie;True;36;19;14;10;4;True;True;2022-03-10T15:58:45+01:00;48.8993867,2.2506506;Courbevoie;92026
9021;Saint Georges - d'Aumale;True;23;19;1;0;1;True;True;2022-03-10T15:57:53+01:00;48.87778639599673,2.337429821491241;Paris;75109
18141;Clignancourt - Sofia;True;19;16;3;2;1;True;True;2022-03-10T15:57:54+01:00;48.88511992309783,2.34719488842051;Paris;75118
5006;Saint-Jacques - Soufflot;True;19;9;10;1;9;True;True;2022-03-10T15:57:57+01:00;48.8465255,2.343099;Paris;75105
41102;Gare de Laplace;True;43;33;10;3;7;True;True;2022-03-10T15:58:22+01:00;48.80893199114179,2.3349460959434514;Arcueil;94003
8013;Marignan - Champs-Elysées;True;35;5;29;10;19;True;True;2022-03-10T15:54:47+01:00;48.869495661232406,2.306613813900307;Paris;75108
11102;Alexandre Dumas - Voltaire;True;59;48;7;3;4;True;True;2022-03-10T15:53:58+01:00;48.85288867036487,2.389147640809553;Paris;75111
41402;Victor Hugo - Ecoles;True;25;9;16;11;5;True;True;2022-03-10T15:58:59+01:00;48.80476007936134,2.4180373930262093;Alfortville;94002
20043;Charonne - Avron;True;27;27;0;0;0;True;True;2022-03-10T15:53:39+01:00;48.85160266522164,2.398403047037931;Paris;75120
7005;Raspail - Bac;True;52;11;40;28;12;True;True;2022-03-10T15:58:55+01:00;48.855628721100935,2.3256602883338933;Paris;75107
5021;Jussieu - Fossés Saint-Bernard;True;39;9;30;24;6;True;True;2022-03-10T15:59:02+01:00;48.84718551002347,2.3534858599305153;Paris;75105
18012;Stephenson - Doudeauville;True;36;35;1;0;1;True;True;2022-03-10T15:57:11+01:00;48.888537048944826,2.3561610281467438;Paris;75118
22505;Mairie de La Garenne Colombes;True;22;16;6;3;3;True;True;2022-03-10T15:57:21+01:00;48.90663823468682,2.24679596722126;La Garenne-Colombes;92035
18201;Tristan Tzara -  Tchaïkovski;True;33;27;5;4;1;True;True;2022-03-10T15:52:30+01:00;48.89490221746837,2.3648490384221077;Paris;75118
13045;Jean Colly - Tolbiac;True;36;34;2;0;2;True;True;2022-03-10T15:58:37+01:00;48.827817291597846,2.3705490678548813;Paris;75113
23009;Anatole France - Louise Michel;True;50;41;9;5;4;True;True;2022-03-10T15:56:25+01:00;48.88873214926474,2.2881576418876652;Levallois-Perret;92044
19115;Porte de la Villette;True;27;20;6;0;6;True;True;2022-03-10T15:56:12+01:00;48.89835196548483,2.386150136590004;Paris;75119
42029;Stalingrad - Germaine Tailleferre;True;28;28;0;0;0;True;True;2022-03-10T15:55:56+01:00;48.80257200481316,2.3786691203713417;Ivry-sur-Seine;94081
16018;Flandrin - Henri Martin;True;18;18;0;0;0;True;True;2022-03-10T15:57:33+01:00;48.8643275,2.2724174;Paris;75116
8035;Bienfaisance - Place de Narvik;True;36;11;24;3;21;True;True;2022-03-10T15:58:21+01:00;48.87660163459077,2.3129771277308464;Paris;75108
15010;Square Cambronne;True;59;9;50;49;1;True;True;2022-03-10T15:57:02+01:00;48.847566545259745,2.3025691509246826;Paris;75115
21313;Guynemer - Séverine;True;26;0;26;19;7;True;True;2022-03-10T15:54:51+01:00;48.83091743371036,2.2790706530213356;Issy-les-Moulineaux;92040
7009;Assemblée Nationale;True;63;14;47;27;20;True;True;2022-03-10T15:59:08+01:00;48.86141101465194,2.320121418520769;Paris;75107
6013;Jacques Callot - Mazarine;True;28;1;26;17;9;True;True;2022-03-10T15:58:54+01:00;48.85528017533187,2.337574325501919;Paris;75106
17042;Porte Maillot - Pereire;True;52;29;22;8;14;True;True;2022-03-10T15:58:28+01:00;48.877775,2.284444;Paris;75117
28001;Richard Wallace - Place du 8 Mai 1945;True;30;11;18;14;4;True;True;2022-03-10T15:55:32+01:00;48.87866794788021,2.2420343756675725;Puteaux;92062
15033;Place Violet;True;30;29;1;0;1;True;True;2022-03-10T15:58:22+01:00;48.84487893836502,2.2905756533145905;Paris;75115
16111;Faustin Hélie - Desbordes-Valmore;True;33;27;3;0;3;True;True;2022-03-10T15:54:36+01:00;48.859403,2.276522;Paris;75116
33019;Madeleine Vionnet;True;34;8;26;7;19;True;True;2022-03-10T15:59:03+01:00;48.90251907406377,2.37408958375454;Aubervilliers;93001
18110;Departement - Pajol;True;19;17;2;0;2;True;True;2022-03-10T15:56:53+01:00;48.886674849730184,2.3613611608743668;Paris;75118
15122;Place Charles Vallin;True;26;23;2;1;1;True;True;2022-03-10T15:57:10+01:00;48.83552381204077,2.302598655223847;Paris;75115
32602;Mairie des Lilas;True;47;44;3;0;3;True;True;2022-03-10T15:57:08+01:00;48.8792834,2.4160182;Les Lilas;93045
8033;Commandant Rivière;True;27;4;23;13;10;True;True;2022-03-10T15:57:36+01:00;48.872933,2.309796;Paris;75108
12115;Porte de Vincennes;True;33;33;0;0;0;True;True;2022-03-10T15:52:02+01:00;48.846454,2.415514;Paris;75112
33001;Victor Hugo - Magasins Généraux;True;34;2;32;8;24;True;True;2022-03-10T15:56:24+01:00;48.903281401126755,2.368072383105755;Aubervilliers;93001
41606;Pasteur - Gambetta;True;19;7;12;4;8;True;True;2022-03-10T15:57:20+01:00;48.84572797384512,2.4236011505126953;Saint-Mandé;94080
12029;Dugommier;True;55;51;4;3;1;True;True;2022-03-10T15:57:55+01:00;48.8388110488154,2.38965779542923;Paris;75112
17045;Place des Ternes.;True;46;36;10;8;2;True;True;2022-03-10T15:55:54+01:00;48.878438631226516,2.297727763652802;Paris;75117
5114;Claude Bernard - Arbalète;True;17;2;14;5;9;True;True;2022-03-10T15:58:41+01:00;48.83976676978202,2.347510904073715;Paris;75105
43402;Place de Verdun;True;40;15;23;20;3;True;True;2022-03-10T15:58:11+01:00;48.8202823,2.473775;Joinville-le-Pont;94042
19019;Petit - Manin;True;22;19;3;0;3;True;True;2022-03-10T15:57:06+01:00;48.88650687534334,2.3938155401308374;Paris;75119
33018;Edouard Poisson - Victor Hugo;True;30;18;10;3;7;True;True;2022-03-10T15:54:10+01:00;48.91118557052621,2.379864752692811;Aubervilliers;93001
42207;Place des Marseillais;True;37;34;3;1;2;True;True;2022-03-10T15:58:26+01:00;48.82663907252554,2.4059280753135686;Charenton-le-Pont;94018
12013;Montgallet - Reuilly;True;16;15;1;0;1;True;True;2022-03-10T15:53:24+01:00;48.844291,2.3896481;Paris;75112
12030;Charenton - Wattignies;True;33;23;9;5;4;True;True;2022-03-10T15:58:36+01:00;48.83667579640627,2.391795855555629;Paris;75112
16121;Jardin d'Acclimatation;True;33;8;24;14;10;True;True;2022-03-10T15:57:59+01:00;48.878772242510465,2.270772233605385;Paris;75116
20036;Ménilmontant - Pelleport;True;19;17;2;0;2;True;True;2022-03-10T15:58:01+01:00;48.87068263384462,2.398959602331646;Paris;75120
14117;Gare Montparnasse - René Mouchotte;True;39;25;14;3;11;True;True;2022-03-10T15:56:07+01:00;48.83920384329242,2.320883944630623;Paris;75114
5119;Jussieu - Guy de la Brosse;True;40;7;33;32;1;True;True;2022-03-10T15:59:07+01:00;48.845665,2.355653;Paris;75105
23001;Paul Vaillant Couturier - Chaptal;True;39;2;37;6;31;True;True;2022-03-10T15:58:33+01:00;48.89347957618252,2.277525365352631;Levallois-Perret;92044
20120;Evariste Galois;True;30;30;0;0;0;True;True;2022-03-10T15:55:15+01:00;48.87308753734472,2.4133380129933357;Paris;93006
17037;Bayen - Pereire;True;22;12;9;6;3;True;True;2022-03-10T15:56:41+01:00;48.881804409079656,2.2921088710427284;Paris;75117
21502;Verdun - Place Henri IV;True;26;18;6;5;1;True;True;2022-03-10T15:53:31+01:00;48.870797375639214,2.2277003154158592;Suresnes;92073
19004;Quai de la Loire - Jean Jaurès;True;16;9;6;3;3;True;True;2022-03-10T15:50:49+01:00;48.88339733854529,2.371074522980134;Paris;75119
14001;Edgar Quinet - Gaité;True;27;14;12;2;10;True;True;2022-03-10T15:58:40+01:00;48.84116092896631,2.32459545135498;Paris;75114
16124;Route de Sèvres - Porte de Bagatelle;True;66;8;58;57;1;True;True;2022-03-10T15:58:52+01:00;48.87525984132485,2.249415814876557;Paris;75116
31012;Place Carnot;True;25;20;5;0;5;True;True;2022-03-10T15:54:38+01:00;48.85593932186797,2.441531717777252;Montreuil;93048
33003;Bordier - Félix Faure;True;48;41;6;1;5;True;True;2022-03-10T15:59:01+01:00;48.90390751882016,2.3830059170722966;Aubervilliers;93001
42023;Place Léon Gambetta;True;26;14;12;10;2;True;True;2022-03-10T15:55:58+01:00;48.81461250235386,2.4029293656349187;Ivry-sur-Seine;94041
33009;Félix Faure - Sadi Carnot;True;33;30;3;1;2;True;True;2022-03-10T15:55:54+01:00;48.90812110228388,2.378623187541962;Aubervilliers;93001
16129;Ceinture du Lac Inferieure - Saint-Cloud;True;42;30;11;6;5;True;True;2022-03-10T15:58:51+01:00;48.86218070933143,2.2617871686816216;Paris;75116
25005;18 juin 1940 - Buzenval;True;25;18;7;3;4;True;True;2022-03-10T15:55:08+01:00;48.868807,2.185428;Rueil-Malmaison;92063
35019;Anatole France - Jean Lolive;True;28;12;16;4;12;True;True;2022-03-10T15:56:55+01:00;48.8949922,2.4253764;Pantin;93055
14034;Ouest - Château;True;23;19;2;1;1;True;True;2022-03-10T15:54:33+01:00;48.83617286014242,2.319392143923804;Paris;75114
20113;Piat - Parc de Belleville;True;21;21;0;0;0;True;True;2022-03-10T15:49:24+01:00;48.87195626635528,2.384981390278095;Paris;75120
32010;Place aux Étoiles;True;40;8;32;14;18;True;True;2022-03-10T15:56:47+01:00;48.91835629408464,2.3523425683379173;Saint-Denis;93066
17018;Parc Monceau;True;18;11;7;7;0;True;True;2022-03-10T15:57:24+01:00;48.88107791412864,2.3095492646098137;Paris;75117
12034;Pirogues de Bercy - Libourne;True;49;0;49;31;18;True;True;2022-03-10T15:59:03+01:00;48.832308,2.38637;Paris;75112
5002;Sommerard - Saint-Jacques;True;34;3;31;27;4;True;True;2022-03-10T15:57:47+01:00;48.850310432924466,2.345015835298588;Paris;75105
16034;Porte d'Auteuil;True;33;16;17;9;8;True;True;2022-03-10T15:55:33+01:00;48.8479394142243,2.2608396783471107;Paris;75116
10005;Petites Ecuries - Faubourg Poissonnière;True;18;15;3;2;1;True;True;2022-03-10T15:58:44+01:00;48.87397217237368,2.348388757504776;Paris;75110
20132;Réunion - Avron;True;26;26;0;0;0;True;True;2022-03-10T15:57:17+01:00;48.852566752033766,2.403928068708116;Paris;75120
5116;Place Valhubert;True;37;2;35;29;6;True;True;2022-03-10T15:58:38+01:00;48.844182577315166,2.3640366643667217;Paris;75105
14019;Sarrette - Général Leclerc;True;22;20;2;0;2;True;True;2022-03-10T15:59:02+01:00;48.82503085292528,2.326412869398186;Paris;75114
92004;Nanterre - Université;True;20;13;6;2;4;True;True;2022-03-10T15:55:25+01:00;48.901365,2.212693;Nanterre;92050
20119;Square des Saint-Simoniens;True;25;23;2;0;2;True;True;2022-03-10T15:58:12+01:00;48.8701796,2.3967273;Paris;75120
20136;Henri Chevreau - Couronnes;True;27;25;2;0;2;True;True;2022-03-10T15:58:17+01:00;48.87033205312931,2.388777695596218;Paris;75120
21403;Gare de Clamart;True;14;9;5;0;5;True;True;2022-03-10T15:58:50+01:00;48.81383535598703,2.272278964519501;Clamart;92023
5026;Pascal - Claude Bernard;True;49;24;25;13;12;True;True;2022-03-10T15:58:04+01:00;48.839061952159746,2.3499782010912895;Paris;75105
42707;Place Jean-Baptiste Clément;True;25;20;5;1;4;True;True;2022-03-10T15:56:44+01:00;48.81240466867336,2.3617091774940495;Le Kremlin-Bicêtre;94043
43006;Vignerons - Minimes;True;29;4;24;15;9;True;True;2022-03-10T15:58:18+01:00;48.841486,2.430793;Vincennes;75112
92003;Chanzy - Sud-Est;True;25;22;2;0;2;True;True;2022-03-10T15:54:29+01:00;48.888912037698766,2.195632159709931;Nanterre;92050
8012;Batignolles - Place de Clichy;True;47;45;1;0;1;True;True;2022-03-10T15:56:53+01:00;48.88347453575669,2.326493114233017;Paris;75117
35009;Jean Lolive - Parc Stalingrad;True;22;18;3;3;0;True;True;2022-03-10T15:55:21+01:00;48.89206174403158,2.4091735482215886;Pantin;93055
23011;Bineau - Louise Michel;True;25;9;16;2;14;True;True;2022-03-10T15:58:38+01:00;48.88666162206972,2.2843274474143986;Levallois-Perret;92044
31705;Champeaux - Gallieni;True;50;44;2;0;2;True;True;2022-03-10T15:57:45+01:00;48.864459134684644,2.4161778017878532;Bagnolet;93006
21111;Professeur René Leriche - Général Leclerc;True;50;24;25;24;1;True;True;2022-03-10T15:58:02+01:00;48.90782845483013,2.307887971401215;Clichy;92024
8055;Courcelles - Place des Ternes;True;31;27;4;1;3;True;True;2022-03-10T15:56:29+01:00;48.878199928923124,2.2992860188665043;Paris;75108
21308;Bara - Henri Farman;True;36;1;34;20;14;True;True;2022-03-10T15:59:02+01:00;48.833218027457846,2.2677567601203923;Issy-les-Moulineaux;75115
13014;Gare d'Austerlitz;True;14;1;10;9;1;True;True;2022-03-10T15:57:16+01:00;48.842524,2.364044;Paris;75113
11114;Ledru-Rollin - Charonne;True;32;11;20;19;1;True;True;2022-03-10T15:55:35+01:00;48.85345855607243,2.3772463581947094;Paris;75111
27002;Parc Pierre Lagravère;True;30;11;19;12;7;True;True;2022-03-10T15:58:02+01:00;48.92650488131725,2.239069678491417;Colombes;92025
20040;Parc de Belleville - Julien Lacroix;True;26;24;2;1;1;True;True;2022-03-10T15:58:51+01:00;48.8703459,2.3842214;Paris;75120
21109;Guichet - Jean Jaurès;True;28;21;4;3;1;True;True;2022-03-10T15:58:59+01:00;48.905169868129036,2.3023840785026555;Clichy;92024
17017;Gare de Pont-Cardinet;True;34;29;5;2;3;True;True;2022-03-10T15:51:25+01:00;48.88713901475306,2.314494143994255;Paris;75117
23701;Parvis Robert Schuman - Roger Salengro;True;24;16;8;0;8;True;True;2022-03-10T15:58:21+01:00;48.812657470558754,2.1921751275658607;Chaville;92022
8101;Londres - Amsterdam;True;23;17;5;1;4;True;True;2022-03-10T15:58:40+01:00;48.878034461503965,2.326483540969424;Paris;75108
17007;Navier - Epinettes;True;36;35;1;1;0;True;True;2022-03-10T15:52:28+01:00;48.89587780769155,2.3226776719093327;Paris;75117
21105;Morice - Général Leclerc;True;25;5;20;17;3;True;True;2022-03-10T15:58:41+01:00;48.90245471981591,2.3128929734230046;Clichy;92024
12126;Gravelle - Route du Bac;True;51;45;6;5;1;True;True;2022-03-10T15:54:39+01:00;48.824407,2.418455;Paris;94018
13026;Place Jean Delay;True;35;30;4;1;3;True;True;2022-03-10T15:54:02+01:00;48.823316,2.354336;Paris;75113
14104;Boyer-Barret - Raymond Losserand;True;23;22;1;0;1;True;True;2022-03-10T15:58:22+01:00;48.83329880233322,2.3173383995890617;Paris;75114
23002;Pont de Levallois-bécon;True;50;6;44;25;19;True;True;2022-03-10T15:58:00+01:00;48.8984179,2.2791311;Levallois-Perret;92044
12024;Gare de Bercy;True;35;16;19;16;3;True;True;2022-03-10T15:58:31+01:00;48.839794573906,2.3826066032052;Paris;75112
13102;Pitié-Salpêtrière;True;51;8;43;34;9;True;True;2022-03-10T15:56:36+01:00;48.83748810318667,2.365213818848133;Paris;75113
41604;Lagny - Joffre;True;31;15;16;16;0;True;True;2022-03-10T15:58:55+01:00;48.84930687084088,2.417949736118317;Saint-Mandé;93048
15055;Vasco de Gama;True;54;17;32;30;2;True;True;2022-03-10T15:58:50+01:00;48.83671783466264,2.283664085650799;Paris;75115
15017;Place Falguière;True;23;21;2;1;1;True;True;2022-03-10T15:55:59+01:00;48.83629973941847,2.3104464635252953;Paris;75115
14130;Jonquoy - Didot;True;30;24;6;0;6;True;True;2022-03-10T15:55:42+01:00;48.82890454823947,2.31648076325655;Paris;75114
15029;Emeriau - Place de Brazzaville;True;51;4;46;45;1;True;True;2022-03-10T15:57:54+01:00;48.850785261674964,2.2871585190296173;Paris;75115
10015;Lucien Sampaix - Récollets;True;46;43;3;2;1;True;True;2022-03-10T15:58:39+01:00;48.874330377560476,2.3621229082345963;Paris;75110
31702;Pierre et Marie Curie - Julien Grimau;True;18;17;1;0;1;True;True;2022-03-10T15:59:08+01:00;48.870714014863225,2.424097023904324;Bagnolet;93006
34002;Capitaine Glarner - Gabriel Péri;True;27;16;7;5;2;True;True;2022-03-10T15:57:56+01:00;48.902449900418745,2.3304807533425724;Saint-Ouen-sur-Seine;93070
18005;Tardieu - Chappe;True;18;17;1;0;1;True;True;2022-03-10T15:57:39+01:00;48.88414675978186,2.3418454080820084;Paris;75118
12011;Charenton - Place du Col Bourgoin;True;35;21;14;11;3;True;True;2022-03-10T15:55:45+01:00;48.84486731955409,2.382578935054453;Paris;75112
21511;Marcel Monge - Marcel Dassault;False;46;46;0;0;0;False;False;2022-02-22T07:22:51+01:00;48.86096384533371,2.2246733296048142;Suresnes;92073
6018;Michelet - Assas;True;18;1;17;1;16;True;True;2022-03-10T15:57:25+01:00;48.84274150283194,2.335021197795868;Paris;75106
18020;Francoeur - Marcadet;True;20;19;1;1;0;True;True;2022-03-10T15:57:17+01:00;48.89104123261663,2.340014585442034;Paris;75118
19037;Belleville - Porte des Lilas;True;32;32;0;0;0;True;True;2022-03-10T15:53:12+01:00;48.87660391892763,2.404769691129476;Paris;75120
13104;Gare d'Austerlitz - Quai Saint-Bernard;True;27;27;0;0;0;False;False;2022-01-18T22:07:57+01:00;48.84369030864,2.3657163977623;Paris;75113
20109;Haxo - Surmelin;True;21;18;3;0;3;True;True;2022-03-10T15:52:24+01:00;48.8694370761222,2.40539657537972;Paris;75120
15028;Grenelle - Dr Finlay;True;71;12;58;53;5;True;True;2022-03-10T15:58:54+01:00;48.851315406715976,2.2919502854347233;Paris;75115
6103;Mézières - Rennes;True;55;8;46;38;8;True;True;2022-03-10T15:57:00+01:00;48.85023459321703,2.3303819820284843;Paris;75106
8102;Lamennais - Washington;True;26;4;21;8;13;True;True;2022-03-10T15:58:38+01:00;48.87352990026496,2.303444892168045;Paris;75108
32014;Place du Cornillon - Stade de France;True;35;30;5;1;4;True;True;2022-03-10T15:50:59+01:00;48.92540695835961,2.3644426837563515;Saint-Denis;93066
14018;Porte d'Orléans;True;48;42;4;0;4;True;True;2022-03-10T15:57:26+01:00;48.8227639,2.3249313;Paris;75114
18032;Porte de Clignancourt.;True;56;50;5;0;5;True;True;2022-03-10T15:54:41+01:00;48.897488,2.343996;Paris;75118
21013;Pierre Grenier - Pont de Billancourt;True;21;17;3;1;2;True;True;2022-03-10T15:58:27+01:00;48.8258020742942,2.2487989068031315;Boulogne-Billancourt;92012
10165;Gare de l'Est - Place du 11 Novembre 1918;True;40;34;3;0;3;True;True;2022-03-10T15:55:39+01:00;48.876327,2.3585464;Paris;75110
7006;Quai Voltaire;True;32;3;28;15;13;True;True;2022-03-10T15:58:24+01:00;48.85894298617901,2.331418204714572;Paris;75107
22101;Gare Routière de Saint Cloud;True;31;14;16;12;4;True;True;2022-03-10T15:57:36+01:00;48.84288183896324,2.222245037555695;Saint-Cloud;92064
2010;Uzès - Montmartre;True;29;2;27;12;15;True;True;2022-03-10T15:58:02+01:00;48.870790980240706,2.3431010171771054;Paris;75102
13016;Primo Levi - Frigos;True;34;1;32;21;11;True;True;2022-03-10T15:58:03+01:00;48.83094844846017,2.37965351592796;Paris;75113
42503;Vladimir Ilitch Lénine - Andrée Chedid;True;31;29;2;1;1;True;True;2022-03-10T15:50:09+01:00;48.813199499999044,2.3321458697319035;Arcueil;94037
11020;Belfort - Voltaire;True;39;34;4;3;1;True;True;2022-03-10T15:58:54+01:00;48.8563358,2.3829901;Paris;75111
14139;Pierre Larousse - Raymond Losserand;True;30;30;0;0;0;True;True;2022-03-10T15:57:58+01:00;48.83059564231877,2.3119183257222176;Paris;75114
8051;Batignolles - Rome;True;15;12;1;0;1;True;True;2022-03-10T15:53:21+01:00;48.881823370566806,2.3202589899301524;Paris;75108
11101;Charles Delescluze;True;49;34;13;8;5;True;True;2022-03-10T15:57:39+01:00;48.85242200848887,2.380632497370243;Paris;75111
21032;Sèvres-Gallieni;True;27;5;22;11;11;True;True;2022-03-10T15:56:34+01:00;48.83780940895712,2.2281519323587418;Boulogne-Billancourt;92012
41207;Place du Général de Gaulle;True;28;25;3;1;2;True;True;2022-03-10T15:58:11+01:00;48.8525288,2.4877332;Fontenay-sous-Bois;94033
13043;Dunois - Clisson;True;51;13;36;26;10;True;True;2022-03-10T15:58:06+01:00;48.832294,2.3674523;Paris;75113
16006;Lauriston - Copernic;True;19;12;7;0;7;True;True;2022-03-10T15:57:58+01:00;48.86926,2.289918;Paris;75116
44102;Verdun - Adrien Damalix;True;26;23;3;1;2;True;True;2022-03-10T15:55:19+01:00;48.8222334178559,2.4215328320860863;Saint-Maurice;94069
7014;Saint-François-Xavier;True;42;28;11;6;5;True;True;2022-03-10T15:58:13+01:00;48.851544847689894,2.3146149516105656;Paris;75107
9115;Milton - Manuel;True;22;16;4;1;3;True;True;2022-03-10T15:53:45+01:00;48.878249,2.341181;Paris;75109
10023;Gare de l'Est - Verdun;True;14;13;1;0;1;True;True;2022-03-10T15:56:44+01:00;48.87615605427147,2.360914908320552;Paris;75110
16032;Eglise d'Auteuil;True;21;20;1;0;1;True;True;2022-03-10T15:55:14+01:00;48.84749841771691,2.26848387135299;Paris;75116
21019;Edouard Vaillant - Paul-Adolphe Souriau;True;28;11;17;12;5;True;True;2022-03-10T15:59:00+01:00;48.83484585882868,2.2479459643363957;Boulogne-Billancourt;92012
21003;Jean Jaurès - Jean Baptiste Clément;True;24;19;1;1;0;True;True;2022-03-10T15:52:16+01:00;48.84576261454011,2.2369650006294255;Boulogne-Billancourt;92012
12032;Porte Dorée;True;36;31;5;3;2;True;True;2022-03-10T15:58:10+01:00;48.8354337,2.4077132;Paris;75112
22001;Château - Bineau;True;23;4;18;9;9;True;True;2022-03-10T15:55:33+01:00;48.890404028589806,2.270106375217438;Neuilly-sur-Seine;92051
6107;Place Alphonse Deville;True;23;3;20;15;5;True;True;2022-03-10T15:58:39+01:00;48.85018826266191,2.3275961726903915;Paris;75106
18025;Mairie du 18ème;True;40;36;4;2;2;True;True;2022-03-10T15:57:59+01:00;48.892939296937605,2.3445510864257812;Paris;75118
15038;Place Adolphe Cherioux - Vaugirard;True;63;55;8;4;4;True;True;2022-03-10T15:58:05+01:00;48.83959442800459,2.3010657727718353;Paris;75115
20027;Porte de Ménilmontant;True;15;13;2;0;2;True;True;2022-03-10T15:56:47+01:00;48.8691543609174,2.40932246879487;Paris;75120
19109;Tanger - Place du Maroc;True;19;15;4;0;4;True;True;2022-03-10T15:57:56+01:00;48.8862524447104,2.3689296841621403;Paris;75119
9023;Laffitte - Italiens;True;33;5;28;15;13;True;True;2022-03-10T15:56:50+01:00;48.871815737396304,2.337201547845077;Paris;75109
31019;Vincennes - Douy-Delcupe;True;38;36;2;1;1;True;True;2022-03-10T15:54:32+01:00;48.85493692155721,2.436049282550812;Montreuil;93048
19040;Belleville - Télégraphe;True;41;39;2;0;2;True;True;2022-03-10T15:58:42+01:00;48.8756045,2.3995549;Paris;75120
17124;Porte de Saint-Ouen - Henri Huchard;True;26;15;11;6;5;True;True;2022-03-10T15:55:54+01:00;48.898708366365064,2.3295360803604126;Paris;75118
17047;Courcelles - Pierre Demours;True;26;20;6;3;3;True;True;2022-03-10T15:56:24+01:00;48.883769733273496,2.29858466343129;Paris;75117
44012;Génie - Mozart;True;19;17;2;1;1;True;True;2022-03-10T15:57:09+01:00;48.794902381218904,2.3734183609485626;Vitry-sur-Seine;94081
6016;Danton - Serpente;True;22;4;17;11;6;True;True;2022-03-10T15:57:55+01:00;48.85229736258167,2.3414132371544834;Paris;75106
17027;Place du Maréchal Juin - Péreire;True;46;43;3;1;2;True;True;2022-03-10T15:58:32+01:00;48.885263,2.298286;Paris;75117
11040;Temple - Jean-Pierre Timbaud;True;36;12;23;17;6;True;True;2022-03-10T15:58:53+01:00;48.864465972010244,2.3660597205162053;Paris;75111
31016;Lucie Aubrac - Franklin;True;36;33;2;2;0;True;True;2022-03-10T15:54:09+01:00;48.86223916006812,2.4435862898826604;Montreuil;93048
17046;Mac-Mahon - Brey;True;25;21;4;1;3;True;True;2022-03-10T15:58:47+01:00;48.877532084130166,2.294512536052928;Paris;75117
51003;Hôtel de Ville d'Argenteuil;True;30;5;25;8;17;True;True;2022-03-10T15:58:56+01:00;48.946504,2.2496396;Argenteuil;95018
47006;Les Planètes;True;16;11;5;1;4;True;True;2022-03-10T15:50:25+01:00;48.8099849920804,2.4580853059887886;Maisons-Alfort;94046
12001;Bastille - Biscornet;True;62;0;60;53;7;True;True;2022-03-10T15:56:24+01:00;48.851355779579,2.369220033288;Paris;75112
10020;Chabrol - d'Hauteville;True;11;4;7;3;4;True;True;2022-03-10T15:59:09+01:00;48.87701838803332,2.3513179644942284;Paris;75110
14122;Colonel Monteil - Brune;True;19;19;0;0;0;True;True;2022-03-10T15:58:53+01:00;48.8265029331101,2.30927479982717;Paris;75114
19038;Lassus - Delouvain;True;20;18;2;0;2;True;True;2022-03-10T15:56:07+01:00;48.87550448459959,2.3890327325518528;Paris;75119
16123;Mahatma Gandhi;True;26;11;14;2;12;True;True;2022-03-10T15:58:10+01:00;48.876356,2.264205;Paris;75116
9031;Provence - Chaussée d'Antin;True;25;5;19;14;5;True;True;2022-03-10T15:58:15+01:00;48.87428447542072,2.332976511564311;Paris;75109
19039;Edouard Pailleron - Simon Bolivar;True;24;23;0;0;0;True;True;2022-03-10T15:53:56+01:00;48.87979886049996,2.374839261174202;Paris;75119
6030;Assas - Vaugirard;True;35;21;11;10;1;True;True;2022-03-10T15:59:09+01:00;48.848274111397586,2.3292413726449013;Paris;75106
17122;Bridaine - Lamandé;True;29;28;1;0;1;True;True;2022-03-10T15:56:23+01:00;48.8862074,2.3206239;Paris;75117
20023;Pelleport - Belgrand;True;15;15;0;0;0;True;True;2022-03-10T15:58:15+01:00;48.86500081847653,2.403980836377493;Paris;75120
20021;Indre - Prairies;True;38;38;0;0;0;True;True;2022-03-10T15:55:49+01:00;48.86254398506782,2.403290458023548;Paris;75120
15049;Porte de Versailles;True;0;0;0;0;0;False;False;2022-01-05T09:23:10+01:00;48.83215381734912,2.2871491312980647;Paris;75115
15108;Lourmel - Marie Skobtsov;True;22;17;4;3;1;True;True;2022-03-10T15:58:43+01:00;48.844974,2.287283;Paris;75115
15035;Place Etienne Pernet;True;43;36;7;5;2;True;True;2022-03-10T15:57:42+01:00;48.84243457133779,2.2921819612383847;Paris;75115
26001;Gare d'Asnières sur Seine;True;24;7;14;13;1;True;True;2022-03-10T15:55:50+01:00;48.90636459217474,2.2835066914558415;Asnières-sur-Seine;92004
35017;Toffier Decaux - Cartier Bresson;True;7;0;7;4;3;True;True;2022-03-10T15:57:39+01:00;48.90165072551549,2.4017545580863957;Pantin;93055
41204;République - Danton;True;20;18;1;0;1;True;True;2022-03-10T15:55:42+01:00;48.85249172181667,2.462034523487091;Fontenay-sous-Bois;94033
31703;Sadi Carnot - François Mitterrand;True;27;26;0;0;0;True;True;2022-03-10T15:52:46+01:00;48.87532687671517,2.4241617321968083;Bagnolet;93006
19009;Cité des Sciences et de l'Industrie;True;30;28;2;0;2;True;True;2022-03-10T15:51:21+01:00;48.89659571178903,2.384599149227142;Paris;75119
9117;Bellefond - Maubeuge;True;31;28;3;3;0;True;True;2022-03-10T15:56:01+01:00;48.878255397644715,2.345264218747616;Paris;75109
32017;Basilique;True;22;11;8;3;5;True;True;2022-03-10T15:58:01+01:00;48.93626891059109,2.3588666820200914;Saint-Denis;93066
35003;Gabrielle Josserand - Edouard Vaillant;True;25;22;2;1;1;True;True;2022-03-10T15:58:06+01:00;48.90271566255436,2.3933270573616032;Pantin;93055
17121;Square des Epinettes;True;20;17;3;1;2;True;True;2022-03-10T15:52:48+01:00;48.89383909781389,2.325953990221024;Paris;75117
15031;Théâtre - Lourmel;True;53;29;24;19;5;True;True;2022-03-10T15:58:33+01:00;48.8482070397636,2.2898658737540245;Paris;75115
16004;Université Paris Dauphine;True;0;0;0;0;0;False;False;2021-02-11T10:14:41+01:00;48.870707839985386,2.2748656198382378;Paris;75116
35014;Charles de Gaulle - Jean Lolive;True;26;22;2;0;2;True;True;2022-03-10T15:58:59+01:00;48.8932644350857,2.4126765131950383;Pantin;93055
18113;Lepic - Armée d'Orient;True;24;21;2;0;2;True;True;2022-03-10T15:55:47+01:00;48.88753640381415,2.334307730197907;Paris;75118
47005;Ecole Vétérinaire;True;36;13;23;20;3;True;True;2022-03-10T15:56:49+01:00;48.81488859822486,2.4224362157778994;Maisons-Alfort;94046
18109;Pajol - Riquet;True;47;42;2;1;1;True;True;2022-03-10T15:59:09+01:00;48.88960028134536,2.3628534749150276;Paris;75118
11041;Square Saint-Ambroise;True;43;31;6;1;5;True;True;2022-03-10T15:58:40+01:00;48.860934,2.375841;Paris;75111
18029;Emile Blemont - Poteau;True;39;37;2;0;2;True;True;2022-03-10T15:59:05+01:00;48.8943782,2.3415122;Paris;75118
11006;Ledru-Rollin - Place du Père Chaillet;True;37;23;14;5;9;True;True;2022-03-10T15:59:08+01:00;48.856433706943704,2.379020587761426;Paris;75111
21703;Square du Carrefour de l'Insurrection;True;23;22;1;0;1;True;True;2022-03-10T15:55:31+01:00;48.820864559770676,2.291113436222077;Vanves;92075
19127;Aubervilliers - Curial;True;23;23;0;0;0;True;True;2022-03-10T15:52:50+01:00;48.89088305227546,2.3688579350709915;Paris;75119
21706;Jean Bleuzen - Square du 11 Novembre;True;49;46;1;0;1;True;True;2022-03-10T15:58:08+01:00;48.8232579,2.2965213;Vanves;92075
16015;Bassano -  Iéna;True;15;4;11;0;11;True;True;2022-03-10T15:57:37+01:00;48.868144510482075,2.296149600985935;Paris;75116
20118;Orteaux - Mouraud;True;24;20;3;0;3;True;True;2022-03-10T15:54:34+01:00;48.85558642847872,2.408762907764669;Paris;75120
15070;Balard - Montagne de la Fage;True;36;17;19;16;3;True;True;2022-03-10T15:59:04+01:00;48.83850740333351,2.2782871127128606;Paris;75115
16021;François Ponsard - La Muette;True;23;20;2;0;2;True;True;2022-03-10T15:53:06+01:00;48.8583666,2.2744515;Paris;75116
47004;Stade Auguste Delaune;True;21;8;11;7;4;True;True;2022-03-10T15:58:30+01:00;48.80896378683884,2.4345204234123234;Maisons-Alfort;94046
18049;Porte d'Aubervilliers;True;55;37;16;13;3;True;True;2022-03-10T15:58:46+01:00;48.89859661942376,2.3689722642302513;Paris;75118
18033;Belliard - Damrémont;True;34;30;4;2;2;True;True;2022-03-10T15:57:38+01:00;48.89669238777841,2.338023450388167;Paris;75118
21014;Hameau Fleuri - Marché;True;22;17;5;2;3;True;True;2022-03-10T15:58:04+01:00;48.831448892608314,2.2412404417991643;Boulogne-Billancourt;92012
11010;Boulets - Faubourg Saint-Antoine;True;43;40;3;0;3;True;True;2022-03-10T15:57:26+01:00;48.84925926211519,2.391754614194301;Paris;75112
12107;Diderot - Pierre Bourdan;True;21;17;4;0;4;True;True;2022-03-10T15:58:34+01:00;48.84764862079675,2.3902582749724393;Paris;75112
16122;Route de la Muette - Porte de Neuilly;True;50;39;6;2;4;True;True;2022-03-10T15:58:38+01:00;48.8798926,2.2587671;Paris;75116
14112;Méchain - Faubourg Saint-Jacques;True;16;14;1;0;1;True;True;2022-03-10T15:55:52+01:00;48.83586772099485,2.33798034198275;Paris;75114
20116;Haies - Réunion;True;22;22;0;0;0;True;True;2022-03-10T15:56:48+01:00;48.85386896766491,2.402426162238911;Paris;75120
9026;Jean-Baptiste Pigalle - La Bruyere;True;17;12;3;0;3;True;True;2022-03-10T15:55:39+01:00;48.87939826447722,2.333709173337285;Paris;75109
15002;Maine - Antoine Bourdelle;True;17;7;10;4;6;True;True;2022-03-10T15:58:05+01:00;48.84308531746595,2.320263946784738;Paris;75115
21001;Transvaal - Charles de Gaulle;True;27;18;9;3;6;True;True;2022-03-10T15:57:18+01:00;48.848280403628806,2.2373420120857195;Boulogne-Billancourt;92012
21310;Kléber - Gouverneur Général Eboué;True;24;5;18;14;4;True;True;2022-03-10T15:56:09+01:00;48.826885843069796,2.2723413258790965;Issy-les-Moulineaux;92040
20016;Pyrénées - Maraîchers;True;19;15;3;1;2;True;True;2022-03-10T15:54:42+01:00;48.85714001395299,2.4043509364128113;Paris;75120
23007;Président Wilson - Jean Jaures;True;27;6;20;15;5;True;True;2022-03-10T15:57:49+01:00;48.89034054052266,2.2920683026313786;Levallois-Perret;92044
32015;Gare RER de Saint-Denis;True;40;18;22;17;5;True;True;2022-03-10T15:59:04+01:00;48.93554324248177,2.3471488058567047;Saint-Denis;93066
5121;Square René Viviani - Montebello;True;34;7;27;25;2;True;True;2022-03-10T15:59:09+01:00;48.851904891406384,2.347842156887055;Paris;75105
10010;Place Jacques Bonsergent;True;33;23;6;6;0;True;True;2022-03-10T15:55:34+01:00;48.870948218595146,2.3612049221992497;Paris;75110
16043;Place de Passy;True;15;10;4;4;0;True;True;2022-03-10T15:58:51+01:00;48.85780291711202,2.277500546942199;Paris;75116
18043;Clichy - Place Blanche;True;20;18;2;0;2;True;True;2022-03-10T15:58:24+01:00;48.883601088297006,2.333223782479763;Paris;75118
16027;Mozart - Jasmin;True;62;56;5;3;2;True;True;2022-03-10T15:58:39+01:00;48.85286124871689,2.268483570651513;Paris;75116
16029;Maison de Radio - France;True;47;12;33;31;2;True;True;2022-03-10T15:57:42+01:00;48.85132886434057,2.277785539627075;Paris;75116
1117;Pont Neuf - Rivoli;True;26;3;22;15;7;True;True;2022-03-10T15:58:59+01:00;48.86008989261731,2.344057559967041;Paris;75101
8019;Naples - Rome;True;26;24;2;0;2;True;True;2022-03-10T15:58:31+01:00;48.879960700846226,2.321358695626259;Paris;75108
11043;Place Pasdeloup;True;21;12;9;3;6;True;True;2022-03-10T15:58:29+01:00;48.86265421563133,2.3670325062844237;Paris;75111
18008;Square Léon;True;33;30;2;0;2;True;True;2022-03-10T15:53:00+01:00;48.88667396788626,2.353205569088459;Paris;75118
1120;Lavandieres Sainte Opportune - Rivoli;True;27;10;17;11;6;True;True;2022-03-10T15:57:14+01:00;48.85927970247607,2.3466217517852783;Paris;75101
13103;Hôpital Pitié Salpêtrière;True;50;38;11;8;3;True;True;2022-03-10T15:58:28+01:00;48.8377016,2.3604946;Paris;75113
32004;Wilson - Landy;True;40;14;23;17;6;True;True;2022-03-10T15:55:50+01:00;48.91516726221354,2.357633225619793;Saint-Denis;93066
22102;Mont Valérien - Michel Salles;True;24;22;1;0;1;True;True;2022-03-10T15:51:43+01:00;48.8561915,2.2152966;Saint-Cloud;92064
18017;Caulaincourt - Place Constantin Pecqueur;True;44;41;3;0;3;True;True;2022-03-10T15:57:15+01:00;48.8896779050281,2.33817871442611;Paris;75118
12004;Traversière - Ledru-Rollin;True;34;8;26;23;3;True;True;2022-03-10T15:56:54+01:00;48.850735824128805,2.375870111706245;Paris;75112
9017;Lallier - Trudaine;True;29;27;1;0;1;True;True;2022-03-10T15:56:51+01:00;48.88109246617963,2.3408224806189537;Paris;75109
20030;Ménilmontant - Père Lachaise;True;56;52;2;2;0;True;True;2022-03-10T15:59:06+01:00;48.86328729150227,2.3869940266013145;Paris;75120
32001;Proudhon - Président Wilson;True;30;3;26;24;2;True;True;2022-03-10T15:59:01+01:00;48.90644276349534,2.3584905266761784;Saint-Denis;93066
15003;Gare Montparnasse - Vaugirard;True;66;55;11;5;6;True;True;2022-03-10T15:58:50+01:00;48.8418071798797,2.31951002690117;Paris;75115
7008;Villersexel - Saint-Germain;True;16;4;12;8;4;True;True;2022-03-10T15:58:11+01:00;48.858297001217615,2.323793470859528;Paris;75107
4110;Neuve Saint-Pierre - Beautreillis;True;20;3;16;14;2;True;True;2022-03-10T15:58:49+01:00;48.85355351439652,2.3639122769236565;Paris;75104
42703;Fontainebleau - Edmond Michelet;True;45;42;3;0;3;True;True;2022-03-10T15:57:46+01:00;48.80956436844049,2.3626908659935;Le Kremlin-Bicêtre;94043
18202;Diane Arbus;True;38;23;15;9;6;True;True;2022-03-10T15:52:26+01:00;48.898800717199,2.3524022474884987;Paris;75118
20201;Eugène Reisz - Davout;True;20;17;3;2;1;True;True;2022-03-10T15:53:49+01:00;48.85631874632638,2.410396970808506;Paris;75120
14030;Pernety - Raymond Losserand;True;32;31;1;0;1;True;True;2022-03-10T15:57:14+01:00;48.83425462795304,2.317609339386963;Paris;75114
16112;Chernoviz - Raynouard;True;37;36;1;1;0;True;True;2022-03-10T15:56:21+01:00;48.8569864146289,2.282173218142987;Paris;75116
17022;Pereire - Place de Wagram;True;46;42;4;0;4;True;True;2022-03-10T15:55:40+01:00;48.887070607581215,2.304111124531457;Paris;75117
13046;Eugène Oudiné - Dessous Des Berges;True;44;13;30;27;3;True;True;2022-03-10T15:56:00+01:00;48.8256423,2.3750226;Paris;75113
6017;Sénat - Condé;True;33;5;26;26;0;True;True;2022-03-10T15:58:13+01:00;48.84954227788459,2.337939441204071;Paris;75106
6032;Sabot - Rennes;True;26;4;21;19;2;True;True;2022-03-10T15:59:08+01:00;48.852575112948415,2.331552766263485;Paris;75106
13122;Parc de Choisy;True;25;24;1;1;0;False;False;2022-01-06T16:54:17+01:00;48.828156251574946,2.358513532903332;Paris;75113
8001;Petit Palais;True;43;7;33;24;9;True;True;2022-03-10T15:59:00+01:00;48.8667692,2.3157655;Paris;75108
10036;Aqueduc - Villette;True;28;24;3;2;1;True;True;2022-03-10T15:55:45+01:00;48.883886063895396,2.36719880331497;Paris;75119
7020;Champ de Mars - Cler;True;41;8;32;22;10;True;True;2022-03-10T15:58:58+01:00;48.856691550115315,2.306646779179573;Paris;75107
21114;Gustave Eiffel - Parc des Impressionnistes;True;30;23;7;4;3;True;True;2022-03-10T15:53:56+01:00;48.90390619651018,2.2946908324956894;Clichy;92024
12161;Diderot - Reuilly;True;44;29;14;10;4;True;True;2022-03-10T15:58:52+01:00;48.84720845606067,2.3861273378133774;Paris;75112
20137;Borrégo - Gambetta;True;25;24;1;0;1;True;True;2022-03-10T15:53:58+01:00;48.87330497045532,2.4014145880937576;Paris;75120
10114;Granges aux Belles - Hôpital Saint-Louis;True;60;51;7;1;6;True;True;2022-03-10T15:54:42+01:00;48.874794994841274,2.366669436984963;Paris;75110
31704;Jeanne Hornet - Girardot;True;29;27;0;0;0;True;True;2022-03-10T15:55:53+01:00;48.873802681432146,2.427820265293122;Bagnolet;93006
15058;Place du Moulin de Javel;True;45;8;37;18;19;True;True;2022-03-10T15:58:59+01:00;48.84021670922037,2.2716060653328896;Paris;75115
32603;Calmette;True;32;31;1;0;1;True;True;2022-03-10T15:56:39+01:00;48.88104925098552,2.424993216991425;Les Lilas;93045
19041;Belleville - Pyrénées;True;42;40;0;0;0;True;True;2022-03-10T15:57:31+01:00;48.8741908,2.3860039;Paris;75119
7013;Duroc - Place de Breteuil;True;42;30;11;8;3;True;True;2022-03-10T15:58:27+01:00;48.84746064114221,2.3126140236854558;Paris;75115
14028;Alésia - Suisses;True;47;43;3;1;2;True;True;2022-03-10T15:58:27+01:00;48.831682520717614,2.3149869226003754;Paris;75114
7016;Surcouf - Université;True;58;11;46;43;3;True;True;2022-03-10T15:58:26+01:00;48.861273016278126,2.309453550914185;Paris;75107
15107;Palais des Sports;True;22;5;17;12;5;True;True;2022-03-10T15:58:38+01:00;48.83346851742578,2.2858720645308495;Paris;75115
13041;Porte d'Ivry;True;50;44;5;4;1;True;True;2022-03-10T15:55:51+01:00;48.82176874759649,2.3688706755638127;Paris;75113
10033;Gare du Nord - Saint-Vincent de Paul;True;24;23;1;0;1;True;True;2022-03-10T15:55:14+01:00;48.88095574164779,2.352430514838522;Paris;75110
20019;Place du Maquis du Vercors;True;31;31;0;0;0;True;True;2022-03-10T15:56:30+01:00;48.877321579493575,2.4083782732486725;Paris;75120
21024;Billancourt - Général Leclerc;True;22;12;10;7;3;True;True;2022-03-10T15:58:52+01:00;48.8322649,2.2380413;Boulogne-Billancourt;92012
7101;Raspail - Chomel;True;49;1;48;31;17;True;True;2022-03-10T15:59:09+01:00;48.852233164303094,2.3266580700874333;Paris;75107
19023;Manin - Simon Bolivar;True;26;18;8;2;6;True;True;2022-03-10T15:54:45+01:00;48.87649965412676,2.379407362599104;Paris;75119
18137;Poissonniers - Nord;True;28;19;9;3;6;True;True;2022-03-10T15:58:12+01:00;48.892511213520656,2.3522228747606277;Paris;75118
2013;Favart - Italiens;True;17;3;13;13;0;True;True;2022-03-10T15:57:43+01:00;48.87144635392104,2.338290105850787;Paris;75102
31013;Centenaire - Sorins;True;45;43;2;2;0;True;True;2022-03-10T15:55:14+01:00;48.85853523359734,2.4273508787155156;Montreuil;93048
21311;Parvis Corentin Celton;True;55;9;44;40;4;True;True;2022-03-10T15:58:44+01:00;48.82747252522725,2.2784319519996648;Issy-les-Moulineaux;92040
17016;Brochant - Square des Batignolles;True;31;24;7;3;4;True;True;2022-03-10T15:57:00+01:00;48.88818698581028,2.316861143151153;Paris;75117
12041;Bois de Vincennes.;True;60;46;14;11;3;True;True;2022-03-10T15:57:48+01:00;48.8338064,2.4132221;Saint-Mandé;75112
5019;Poissy - Saint-Germain;True;25;0;23;20;3;True;True;2022-03-10T15:57:38+01:00;48.849696494270084,2.352968528866768;Paris;75105
15059;Parc André Citroën;True;65;10;53;51;2;True;True;2022-03-10T15:58:29+01:00;48.840639944296655,2.2780618071556096;Paris;75115
15063;Convention - Saint-Charles;True;19;3;16;10;6;True;True;2022-03-10T15:58:35+01:00;48.84315611111599,2.2831090539693832;Paris;75115
8038;François 1er - Montaigne;True;29;6;23;14;9;True;True;2022-03-10T15:58:49+01:00;48.866887649978096,2.306675575720671;Paris;75108
11034;Parmentier - Fontaine au Roi;True;48;32;12;5;7;True;True;2022-03-10T15:56:00+01:00;48.86787670551736,2.372705978671471;Paris;75111
8056;Beaujon - Wagram;True;29;25;4;0;4;True;True;2022-03-10T15:53:54+01:00;48.87535245598514,2.2964416444301605;Paris;75108
9012;Rougemont - Poissonnière;True;30;5;25;15;10;True;True;2022-03-10T15:57:41+01:00;48.871611569354755,2.345873080193996;Paris;75109
18138;Ney - Charles Hermite;True;20;7;12;9;3;True;True;2022-03-10T15:55:43+01:00;48.89874803977525,2.3645754531025887;Paris;75118
41206;Place des Larris;True;34;33;1;0;1;True;True;2022-03-10T15:55:17+01:00;48.8568363,2.4780236;Fontenay-sous-Bois;94033
4011;Hôtel de Ville - Pont-Marie;True;36;3;29;26;3;True;True;2022-03-10T15:58:38+01:00;48.85389964552738,2.356947250664234;Paris;75104
19031;Manin - Crimée;True;23;18;4;1;3;True;True;2022-03-10T15:53:39+01:00;48.8831217743719,2.3863670602440834;Paris;75119
45001;Hôtel de Ville de Champigny sur Marne;True;21;5;15;10;5;True;True;2022-03-10T15:55:48+01:00;48.813810628405,2.5096759200096;Champigny-sur-Marne;94017
11019;Charonne - Philippe-Auguste;True;32;23;8;4;4;True;True;2022-03-10T15:56:46+01:00;48.85560316202584,2.390546390619984;Paris;75111
14006;Saint-Jacques - Tombe Issoire;True;23;22;0;0;0;True;True;2022-03-10T15:52:46+01:00;48.833206330538864,2.3369108140468597;Paris;75114
1016;Thérèse - Opéra;True;25;3;21;11;10;True;True;2022-03-10T15:58:19+01:00;48.86648351450895,2.334433421223788;Paris;75101
9118;Faubourg Poissonniere - Delta;True;36;36;0;0;0;True;True;2022-03-10T15:58:23+01:00;48.882555807626765,2.3497482016682625;Paris;75110
8015;Roquépine - Malesherbes;True;37;5;31;22;9;True;True;2022-03-10T15:59:05+01:00;48.87345073390807,2.320404499769211;Paris;75108
4013;Vieille du Temple - Francs Bourgeois;True;29;10;18;15;3;True;True;2022-03-10T15:58:52+01:00;48.858256413365815,2.35821794718504;Paris;75104
16016;Paul Doumer - La Tour;True;34;23;10;2;8;True;True;2022-03-10T15:57:12+01:00;48.860116109626574,2.280840481911055;Paris;75116
10163;Gare du Nord - Demarquay;True;30;25;4;2;2;True;True;2022-03-10T15:56:51+01:00;48.881154,2.358411;Paris;75110
21108;Mairie de Clichy;True;51;27;22;20;2;True;True;2022-03-10T15:57:28+01:00;48.903653634660834,2.3059353232383732;Clichy;92024
31023;Place François Mitterand;True;34;30;4;0;4;True;True;2022-03-10T15:58:08+01:00;48.86492782016328,2.442958317697048;Montreuil;93048
6014;Pont de Lodi - Dauphine;True;23;0;21;18;3;True;True;2022-03-10T15:58:26+01:00;48.855296898603285,2.339947307565249;Paris;75106
2001;Greneta - Sebastopol;True;32;4;26;20;6;True;True;2022-03-10T15:59:03+01:00;48.86524233322809,2.3516669869422917;Paris;75102
14116;Romain Rolland;True;25;10;15;10;5;True;True;2022-03-10T15:56:40+01:00;48.820215229662765,2.3234144234418346;Montrouge;75114
18042;Place Pigalle;True;21;21;0;0;0;True;True;2022-03-10T15:56:49+01:00;48.8827555,2.3361566;Paris;75118
1022;Danielle Casanova - Place Vendôme;True;37;8;29;20;9;True;True;2022-03-10T15:58:29+01:00;48.86826649822326,2.3304839059710503;Paris;75101
17116;Reims - Porte d'Asnières;True;26;24;2;1;1;True;True;2022-03-10T15:58:36+01:00;48.891834448210986,2.300144659954865;Paris;75117
11107;Faidherbe - Dahomey;True;44;30;14;10;4;True;True;2022-03-10T15:57:27+01:00;48.851358329771806,2.383823134795429;Paris;75111
18001;Damrémont - Caulaincourt;True;18;18;0;0;0;True;True;2022-03-10T15:50:54+01:00;48.88714509078738,2.3325880989432335;Paris;75118
20103;Le Vau - Maurice Bertaux;True;25;25;0;0;0;True;True;2022-03-10T15:49:44+01:00;48.86803439043193,2.411030612453627;Paris;75120
32018;Franciade - Gabriel Péri;True;26;22;4;2;2;True;True;2022-03-10T15:50:37+01:00;48.93261499331498,2.355954498052597;Saint-Denis;93066
2014;Daunou - Louis le Grand;True;17;2;14;2;12;True;True;2022-03-10T15:56:28+01:00;48.869113,2.332515;Paris;75102
18019;Square Raymond Souplex;True;52;48;4;1;3;True;True;2022-03-10T15:49:59+01:00;48.89183721478911,2.335426103165901;Paris;75118
4109;Mornay - Sully;True;15;1;14;11;3;True;True;2022-03-10T15:58:28+01:00;48.84970399548416,2.364460788667202;Paris;75104
11003;Keller - La Roquette;True;34;16;17;15;2;True;True;2022-03-10T15:58:09+01:00;48.8555508,2.3752778;Paris;75111
11046;Place de la République - Voltaire;True;19;2;15;10;5;True;True;2022-03-10T15:58:54+01:00;48.86683096894219,2.3654810339212418;Paris;75111
15020;Mairie du 15ème;True;32;26;6;3;3;True;True;2022-03-10T15:57:47+01:00;48.8417762,2.2986539;Paris;75115
6031;Pierre Sarrazin - Saint-Michel;True;33;8;25;14;11;True;True;2022-03-10T15:58:43+01:00;48.85090814639774,2.3421307280659676;Paris;75106
13113;Vistule - Choisy;True;33;25;6;1;5;True;True;2022-03-10T15:58:25+01:00;48.82365543660611,2.3615723848342896;Paris;75113
8049;Georges V - François 1er;True;22;4;18;1;17;True;True;2022-03-10T15:58:13+01:00;48.87034,2.30082;Paris;75108
13114;Nationale - Marcel Duchamp;True;23;22;1;1;0;True;True;2022-03-10T15:55:11+01:00;48.82463749337136,2.3678014799952507;Paris;75113
12154;Square Georges Melies;True;40;35;4;3;1;True;True;2022-03-10T15:58:57+01:00;48.84070239213081,2.409667745232582;Paris;75112
15061;Square Desnouettes;True;22;8;13;6;7;True;True;2022-03-10T15:57:23+01:00;48.83476837934194,2.284142297394666;Paris;75115
10164;Claude Vellefaux - Sambre et Meuse;True;34;30;2;1;1;True;True;2022-03-10T15:59:07+01:00;48.875022,2.370478;Paris;75110
20017;Saint-Blaise - Mouraud;True;27;23;3;0;3;True;True;2022-03-10T15:53:11+01:00;48.85696177597818,2.40869477391243;Paris;75120
8029;Place du Canada;True;39;2;35;14;21;True;True;2022-03-10T15:59:08+01:00;48.865346269362675,2.310193787964762;Paris;75108
23008;Hôtel de Ville de Levallois Perret;True;26;8;16;14;2;True;True;2022-03-10T15:54:17+01:00;48.89314451997415,2.2888818383216862;Levallois-Perret;92044
9015;Lamartine - Faubourg Montmartre;True;32;15;13;11;2;True;True;2022-03-10T15:55:42+01:00;48.87661398289084,2.339765690267086;Paris;75109
7026;Place de Finlande;True;25;0;25;11;14;True;True;2022-03-10T15:57:53+01:00;48.86240833596654,2.311362437903881;Paris;75107
19021;Mairie du 19ème;True;27;22;5;1;4;True;True;2022-03-10T15:56:35+01:00;48.88256264247959,2.3812624812126164;Paris;75119
12108;Bercy.;True;66;1;65;47;18;True;True;2022-03-10T15:58:39+01:00;48.839966914994,2.3788625746965;Paris;75112
23105;Sèvres Rive Gauche;True;33;32;1;0;1;True;True;2022-03-10T15:55:39+01:00;48.82144321827765,2.215078530688475;Sèvres;92072
31018;Gambetta - Michelet;True;33;28;4;3;1;True;True;2022-03-10T15:52:59+01:00;48.85273792380526,2.429966032505036;Montreuil;93048
19030;Melun - Jean Jaurès;True;28;25;2;1;1;True;True;2022-03-10T15:55:08+01:00;48.8837796723475,2.376477420330048;Paris;75119
47002;Les Juilliottes;True;21;7;14;7;7;True;True;2022-03-10T15:58:47+01:00;48.8043072,2.4437362;Maisons-Alfort;94046
35008;Place de l'Eglise - Pantin;True;30;28;1;0;1;True;True;2022-03-10T15:58:58+01:00;48.892809461520265,2.4124351143836975;Pantin;93055
33005;République - Henri Barbusse;True;32;20;11;8;3;True;True;2022-03-10T15:53:39+01:00;48.90661553626751,2.389432489871979;Aubervilliers;93001
20045;Louis Ganne - Davout;True;30;29;0;0;0;True;True;2022-03-10T15:52:45+01:00;48.86338720692607,2.409725748002529;Paris;75120
2110;Jeûneurs - Mulhouse;True;28;1;24;13;11;True;True;2022-03-10T15:57:43+01:00;48.868997,2.346925;Paris;75102
11110;Roquette - Folie Regnault;True;52;46;6;0;6;True;True;2022-03-10T15:57:36+01:00;48.859246959155485,2.386553623578705;Paris;75111
13019;Fernand Braudel - Vincent Auriol;True;36;9;27;10;17;True;True;2022-03-10T15:58:20+01:00;48.83637852318147,2.3723404482007027;Paris;75113
12127;Tremblay - Lac des Minimes;True;48;4;44;11;33;True;True;2022-03-10T15:58:49+01:00;48.834131261494356,2.454751655459404;Paris;75112
8105;François 1er - Lincoln;True;31;7;24;8;16;True;True;2022-03-10T15:58:06+01:00;48.86951797934417,2.302426218841562;Paris;75108
5028;Censier - Jardin des Plantes;True;28;8;20;18;2;True;True;2022-03-10T15:59:00+01:00;48.84107178161383,2.355475388467312;Paris;75105
5030;Sorbonne - Ecoles;True;50;12;38;20;18;True;True;2022-03-10T15:58:54+01:00;48.849686566191,2.3434996604919;Paris;75105
17005;Brochant - Clichy;True;53;51;2;2;0;True;True;2022-03-10T15:51:55+01:00;48.89032998912038,2.319730559929781;Paris;75117
9113;Bleue - Trévise;True;30;19;11;7;4;True;True;2022-03-10T15:54:48+01:00;48.87578906564573,2.347289621829987;Paris;75109
8032;Matignon - Faubourg Saint-Honoré;True;36;14;22;10;12;True;True;2022-03-10T15:58:43+01:00;48.87147859116726,2.313977926969528;Paris;75108
16041;Versailles - Claude Terrasse;True;46;36;10;6;4;True;True;2022-03-10T15:58:57+01:00;48.84021933807409,2.263834191152959;Paris;75116
14016;René Coty - Parc Montsouris;True;55;46;7;2;5;True;True;2022-03-10T15:57:36+01:00;48.82479134498032,2.336124926805496;Paris;75114
3101;Porte Saint-Martin;True;35;25;8;5;3;True;True;2022-03-10T15:55:29+01:00;48.86860172112996,2.35570102930069;Paris;75103
12033;François Truffaut - Saint Emilion;True;66;4;62;53;9;True;True;2022-03-10T15:58:42+01:00;48.83372354344807,2.386601903271428;Paris;75112
23302;Parc de Sceaux - Centre-Ville;True;33;24;8;2;6;True;True;2022-03-10T15:49:28+01:00;48.7769529826096,2.2957214713096623;Sceaux;92071
21017;Place Marcel Sembat;True;56;54;2;1;1;True;True;2022-03-10T15:57:51+01:00;48.83328865030686,2.2441747784614567;Boulogne-Billancourt;92012
11048;Place Mireille Havet;True;43;32;7;6;1;True;True;2022-03-10T15:57:59+01:00;48.850533,2.383756;Paris;75112
18035;René Binet - Porte de Montmartre;True;37;13;24;21;3;True;True;2022-03-10T15:56:17+01:00;48.89905109950848,2.3365534096956253;Paris;75118
2101;Bachaumont - Montmartre;True;33;8;23;16;7;True;True;2022-03-10T15:59:05+01:00;48.86617395079137,2.3449775576591496;Paris;75102
15009;Suffren - Pérignon;True;46;40;6;2;4;True;True;2022-03-10T15:52:17+01:00;48.84717561492764,2.307052147596786;Paris;75115
21952;Place Tony de Graaff;True;42;20;21;19;2;True;True;2022-03-10T15:58:59+01:00;48.8181645,2.2458109;Meudon;92048
11044;Square du Bataclan;True;20;6;13;11;2;True;True;2022-03-10T15:58:59+01:00;48.8633762,2.3711327;Paris;75111
14007;Ferrus - Saint-Jacques;True;34;29;5;2;3;True;True;2022-03-10T15:57:13+01:00;48.8313878,2.3408563;Paris;75114
23005;Gare de Clichy-Levallois;True;26;18;8;6;2;True;True;2022-03-10T15:54:27+01:00;48.89679827481989,2.2984680533409123;Levallois-Perret;92044
17104;Jardin Marguerite Long;True;22;6;16;13;3;True;True;2022-03-10T15:56:49+01:00;48.8816985773914,2.2836575657129288;Paris;75117
14125;Dareau - Broussais;True;24;24;0;0;0;True;True;2022-03-10T15:50:24+01:00;48.8307758,2.3361804;Paris;75114
21004;Jean Jaurès - Reine;True;31;26;5;3;2;True;True;2022-03-10T15:56:20+01:00;48.84009622558849,2.239872515201569;Boulogne-Billancourt;92012
9013;Mairie du 9ème;True;24;3;21;11;10;True;True;2022-03-10T15:56:58+01:00;48.87326713758289,2.340753448052758;Paris;75109
22002;Argenson - Château;True;25;6;18;10;8;True;True;2022-03-10T15:55:12+01:00;48.888559314669514,2.2642001509666447;Neuilly-sur-Seine;92051
13047;Boutroux - Porte de Vitry;True;49;32;16;16;0;True;True;2022-03-10T15:57:49+01:00;48.822632,2.377738;Paris;75113
13022;Butte aux Cailles - Esperance;True;36;28;3;3;0;True;True;2022-03-10T15:58:07+01:00;48.82758774190948,2.3492151126265526;Paris;75113
44103;Pont De Charenton;True;18;11;6;5;1;True;True;2022-03-10T15:52:02+01:00;48.8179685,2.4199531;Saint-Maurice;94069
16031;Vignes - Boulainvilliers;True;21;12;8;3;5;True;True;2022-03-10T15:58:38+01:00;48.856399483950504,2.275240458548069;Paris;75116
22403;Pierre Brossolette - Adolphe Pinard;True;24;18;6;4;2;True;True;2022-03-10T15:56:50+01:00;48.82177227954821,2.313155829906464;Malakoff;92046
12153;Terroirs de France - Lheureux;True;55;1;53;40;13;True;True;2022-03-10T15:56:40+01:00;48.83212027074841,2.388618104159832;Paris;75112
14128;Gergovie - Vercingétorix;True;29;28;1;0;1;True;True;2022-03-10T15:59:03+01:00;48.83453413883994,2.313154547426182;Paris;75115
22401;Charles de Gaulle - Plateau de Vanves;True;33;30;3;1;2;True;True;2022-03-10T15:58:41+01:00;48.82233088973263,2.298571803412886;Malakoff;92046
31101;Jules Guesde - Laennec;True;19;10;8;1;7;True;True;2022-03-10T15:58:06+01:00;48.87628983900398,2.5006942078471184;Rosny-sous-Bois;93064
12120;Lac Daumesnil - Saint-Maurice;True;50;30;18;14;4;True;True;2022-03-10T15:58:28+01:00;48.82774555743318,2.4183654785156246;Paris;75112
17001;Guy Môquet - Saint-Ouen;True;53;49;3;1;2;True;True;2022-03-10T15:58:58+01:00;48.892777719023975,2.3270335793495183;Paris;75117
22012;Madeleine Michelis - Roule;True;25;12;13;12;1;True;True;2022-03-10T15:59:00+01:00;48.88260431301364,2.2773634269833565;Neuilly-sur-Seine;92051
12129;Bois de Vincennes - Porte Jaune;True;35;32;2;0;2;True;True;2022-03-10T15:57:39+01:00;48.838751246689455,2.4605489149689674;Paris;75112
11012;Montreuil - Voltaire;True;34;32;2;2;0;True;True;2022-03-10T15:56:41+01:00;48.85050701184191,2.393075558274471;Paris;75111
13021;Boussingault - Tolbiac;True;28;21;6;1;5;True;True;2022-03-10T15:57:07+01:00;48.82603516605852,2.342176808004326;Paris;75113
18142;Jessaint - Marx Dormoy;True;30;26;3;1;2;True;True;2022-03-10T15:57:09+01:00;48.88484543106364,2.358930408954621;Paris;75118
11031;Jacquard - Ternaux;True;39;33;4;4;0;True;True;2022-03-10T15:58:32+01:00;48.8646605,2.373162;Paris;75111
18014;Léon - Doudeauville;True;13;11;2;0;2;True;True;2022-03-10T15:55:15+01:00;48.88832421845225,2.353573372638597;Paris;75118
19124;Alexander Fleming - Belvédère;True;31;30;1;0;1;True;True;2022-03-10T15:56:46+01:00;48.88179064200294,2.4030599377642674;Paris;75119
13110;Moulin de la Pointe;True;22;21;1;0;1;True;True;2022-03-10T15:59:07+01:00;48.82092946051445,2.3563179373741145;Paris;75113
35011;Honoré d'Estienne d'Ovres - Grilles;True;18;17;1;0;1;True;True;2022-03-10T15:55:00+01:00;48.89056394743836,2.4064831843792427;Pantin;93055
14127;Odessa - Départ;True;39;37;2;1;1;True;True;2022-03-10T15:57:37+01:00;48.842885590080826,2.3244281485676765;Paris;75114
19036;Hôpital Robert Debré;True;33;29;3;1;2;True;True;2022-03-10T15:53:04+01:00;48.88005222200894,2.4008650346327003;Paris;75119
42011;Quai Marcel Boyer - Victor Hugo;True;29;28;1;0;1;True;True;2022-03-10T15:55:05+01:00;48.82255636666729,2.392039597034455;Ivry-sur-Seine;94041
14113;Santé - Arago;True;38;35;3;0;3;True;True;2022-03-10T15:53:46+01:00;48.83507657562064,2.3415737262044938;Paris;75114
12010;Daumesnil - Picpus;True;21;20;1;1;0;True;True;2022-03-10T15:57:24+01:00;48.8374688,2.401765;Paris;75112
35015;Averroès - Aimé Césaire;True;19;6;11;4;7;True;True;2022-03-10T15:57:20+01:00;48.91405323432864,2.412636950612068;Pantin;93008
20117;Saint-Fargeau - Mortier;True;33;31;1;0;1;True;True;2022-03-10T15:55:52+01:00;48.87266656122256,2.407912909984589;Paris;75120
32021;Place du Front Populaire - George Sand;True;35;12;19;9;10;True;True;2022-03-10T15:59:03+01:00;48.90680713698062,2.364541214992642;Saint-Denis;93066
48009;République - Auguste Perret;True;30;28;2;1;1;True;True;2022-03-10T15:57:35+01:00;48.78695280952244,2.3518594354391094;Villejuif;94076
22010;Charles de Gaulle - Louis-Philippe;True;28;28;0;0;0;False;False;2022-03-08T02:14:23+01:00;48.88162131114395,2.2712830090406526;Neuilly-sur-Seine;92051
21009;Le Corbusier - Jean Jaurès;True;46;37;9;6;3;True;True;2022-03-10T15:55:14+01:00;48.83780830557548,2.2408381104469304;Boulogne-Billancourt;92012
12006;Gare de Lyon - Van Gogh;True;51;0;50;33;17;True;True;2022-03-10T15:59:04+01:00;48.8438397856433,2.370445024035681;Paris;75112
4107;Beaumarchais - Pas de la Mule;True;18;1;15;13;2;True;True;2022-03-10T15:55:56+01:00;48.855580507049055,2.368433367343057;Paris;75104
16007;Longchamp - Place d'Iéna;True;40;10;27;6;21;True;True;2022-03-10T15:59:01+01:00;48.86491723343388,2.2926748171448708;Paris;75116
21951;Place Centrale;True;22;21;1;1;0;True;True;2022-03-10T15:55:46+01:00;48.78740167690531,2.2278830409049992;Meudon;92048
15131;Charles Lecocq - Lecourbe;True;30;21;9;7;2;True;True;2022-03-10T15:55:22+01:00;48.84044,2.294867;Paris;75115
31017;Jean Moulin - Paul Doumer;True;20;20;0;0;0;True;True;2022-03-10T15:56:58+01:00;48.8622179854695,2.45533436536789;Montreuil;93048
12150;Bastille - Quai de la Rapée;True;27;1;26;23;3;True;True;2022-03-10T15:59:00+01:00;48.84682410855044,2.366936467587948;Paris;75112
23006;Jules Guesde - Alsace;True;25;17;6;2;4;True;True;2022-03-10T15:57:06+01:00;48.89056627550627,2.295077741146088;Levallois-Perret;92044
16014;Eylau - Trocadéro;True;24;20;4;2;2;True;True;2022-03-10T15:57:25+01:00;48.863354122370744,2.2864209115505223;Paris;75116
18114;Véron - Lepic;True;23;22;0;0;0;True;True;2022-03-10T15:56:22+01:00;48.88526123395252,2.334559857845307;Paris;75118
13515;Auguste Blanqui - Glacière;True;60;50;8;6;2;True;True;2022-03-10T15:57:20+01:00;48.831151602964354,2.3438221961259837;Paris;75113
13117;Stade Georges Carpentier;True;40;35;5;2;3;True;True;2022-03-10T15:57:46+01:00;48.82048243838136,2.366832196712494;Paris;75113
21118;Neuilly - Petit;True;16;6;10;5;5;True;True;2022-03-10T15:56:35+01:00;48.898965361341254,2.29627937078476;Clichy;92024
92005;Gare de Nanterre Ville;True;43;11;29;24;5;True;True;2022-03-10T15:58:24+01:00;48.8950295,2.1957932;Nanterre;92050
11103;Pelée - Alphonse Baudin;True;38;31;7;6;1;True;True;2022-03-10T15:57:05+01:00;48.8600265,2.3710541;Paris;75111
22103;Senard - Charles Blum;True;24;19;4;0;4;True;True;2022-03-10T15:53:54+01:00;48.857315824799,2.221091687679291;Saint-Cloud;92064
5034;Censier - Santeuil;True;69;16;52;45;7;True;True;2022-03-10T15:59:00+01:00;48.840658921385234,2.3537524044513702;Paris;75105
22009;Charles de Gaulle - Orléans;True;26;12;13;7;6;True;True;2022-03-10T15:58:02+01:00;48.88092225101522,2.271581590175629;Neuilly-sur-Seine;92051
22013;Mairie de Neuilly sur Seine;True;31;13;17;1;16;True;True;2022-03-10T15:55:27+01:00;48.88494728765838,2.2677031159400944;Neuilly-sur-Seine;92051
21120;Docteur Calmette - Martre;False;30;0;0;0;0;False;False;2021-11-24T12:52:15+01:00;48.89896935848292,2.308651325238316;Clichy;92024
16009;Saint-Didier - Raymond Poincaré;True;17;16;1;0;1;True;True;2022-03-10T15:58:28+01:00;48.86642312020962,2.285863497192411;Paris;75116
20047;Cours de Vincennes - Davout;True;48;45;3;1;2;True;True;2022-03-10T15:59:04+01:00;48.847238029965595,2.4107042336224986;Paris;75120
15072;Place Fernand Forest;True;33;1;30;28;2;True;True;2022-03-10T15:59:00+01:00;48.849269143835926,2.2818631678819656;Paris;75115
7024;Rapp - Place du Général Gouraud;True;31;3;28;18;10;True;True;2022-03-10T15:59:02+01:00;48.85810288510693,2.300407290458679;Paris;75107
10017;Gare de l'Est - Fidélité;True;15;7;7;2;5;True;True;2022-03-10T15:56:42+01:00;48.874575,2.356796;Paris;75110
12125;Pyramide - Parc Floral;True;50;37;11;2;9;True;True;2022-03-10T15:56:32+01:00;48.837442,2.440452;Paris;75112
20039;Belleville - Couronnes;True;50;49;0;0;0;True;True;2022-03-10T15:57:00+01:00;48.86883108287741,2.380986213684082;Paris;75120
31026;Demi-Lune - Aristide Briand;True;20;20;0;0;0;True;True;2022-03-10T15:52:02+01:00;48.87626381919953,2.4562818557024;Montreuil;93048
42304;Marc Sangnier - Division Leclerc;True;24;3;21;18;3;True;True;2022-03-10T15:58:13+01:00;48.78599652305309,2.329955510795116;Cachan;94016
20004;Commandant l'Herminier - Gallieni;True;17;15;1;1;0;True;True;2022-03-10T15:57:44+01:00;48.847040552603,2.4160453677177;Paris;94067
11109;Pierre Levée - Fontaine Timbaud;True;23;18;4;3;1;True;True;2022-03-10T15:58:24+01:00;48.86632723374305,2.3711163550615306;Paris;75111
19113;Pré Saint-Gervais - Lilas;True;28;25;3;0;3;True;True;2022-03-10T15:58:39+01:00;48.87787062698808,2.39590734243393;Paris;75119
10012;Vinaigriers - Magenta;True;25;21;2;1;1;True;True;2022-03-10T15:57:30+01:00;48.8731167,2.3593052;Paris;75110
9016;Choron - Martyrs;True;17;15;1;1;0;True;True;2022-03-10T15:59:07+01:00;48.877851443502536,2.3396701365709305;Paris;75109
15052;Convention - Vaugirard;True;48;35;10;7;3;True;True;2022-03-10T15:58:24+01:00;48.83767682233156,2.295586926020252;Paris;75115
10039;Sambre et Meuse - Villette;True;25;22;1;0;1;True;True;2022-03-10T15:59:07+01:00;48.87440566621717,2.373807237995119;Paris;75110
31021;Résistance - Hoche;True;29;24;5;0;5;True;True;2022-03-10T15:56:52+01:00;48.864273423741956,2.435784414410591;Montreuil;93048
35004;Place du Président Salvador Allende;True;60;54;5;0;5;True;True;2022-03-10T15:57:55+01:00;48.897307310356055,2.40079153681279;Pantin;93055
44002;Paul Vaillant-Couturier - Gare RER;True;26;3;22;20;2;True;True;2022-03-10T15:59:09+01:00;48.80108159069614,2.402097210288048;Vitry-sur-Seine;94081
33104;Square Edmond Pépin;True;30;25;3;0;3;True;True;2022-03-10T15:57:48+01:00;48.88365620689917,2.4033531546592717;Le Pré-Saint-Gervais;75119
21307;Victor Cresson - Telles de la Poterie;True;31;3;27;17;10;True;True;2022-03-10T15:58:17+01:00;48.82269884297945,2.2686498274963633;Issy-les-Moulineaux;92040
8011;Clapeyron - Moscou;True;15;12;3;1;2;True;True;2022-03-10T15:57:53+01:00;48.88078819514121,2.324815057218075;Paris;75108
15043;Brancion - Lefebvre;True;11;10;1;0;1;True;True;2022-03-10T15:58:44+01:00;48.82900222785569,2.301431038163409;Paris;75115
13020;Paul Klee - Place Augusta Holmes;True;43;4;37;17;20;True;True;2022-03-10T15:58:48+01:00;48.838946417408025,2.3704235663952966;Paris;75113
22604;Hôtel de Ville de Fontenay-aux-Roses;True;34;22;12;11;1;True;True;2022-03-10T15:58:00+01:00;48.790844603480856,2.2871455930319455;Fontenay-aux-Roses;92032
15019;Paul Barruel - Vaugirard;True;39;34;5;3;2;True;True;2022-03-10T15:50:26+01:00;48.84014918546239,2.3044332861900334;Paris;75115
20009;Docteurs Déjérine - Pte de Montreuil;True;20;19;0;0;0;True;True;2022-03-10T15:56:59+01:00;48.85398448133697,2.41208288897222;Paris;75120
15060;Place de la Montagne du Goulet;True;21;6;15;15;0;True;True;2022-03-10T15:58:25+01:00;48.8443415,2.2773844;Paris;75115
17033;Carnot - Général Lanrezac;True;30;30;0;0;0;False;False;2021-10-25T10:41:59+02:00;48.8754438707356,2.2938242935035684;Paris;75117
10110;Louis Blanc - Jemmapes;True;31;30;0;0;0;True;True;2022-03-10T15:56:46+01:00;48.879330755297346,2.368448562920093;Paris;75110
21213;Vanne - Général de Gaulle;True;25;20;5;3;2;True;True;2022-03-10T15:51:27+01:00;48.815007,2.328318;Montrouge;92049
10037;Quai de Valmy;True;26;25;1;1;0;True;True;2022-03-10T15:53:11+01:00;48.88126951579429,2.368186041712761;Paris;75119
16003;André Maurois - Joseph et Marie Hackin;True;29;18;10;9;1;True;True;2022-03-10T15:58:00+01:00;48.8778983,2.2789591;Paris;75116
13010;Place d'Italie - Vincent Auriol;True;40;36;3;0;3;True;True;2022-03-10T15:58:19+01:00;48.83148187446674,2.356755029231863;Paris;75113
42003;Place de l'Insurrection d'Août 1944;True;30;6;24;18;6;True;True;2022-03-10T15:58:49+01:00;48.81477852751594,2.398074567317963;Ivry-sur-Seine;94041
20002;Square de la rue Pixérécourt;True;15;14;0;0;0;True;True;2022-03-10T15:58:01+01:00;48.8736824,2.3960278;Paris;75120
20007;Buzenval - Avron;True;50;45;5;1;4;True;True;2022-03-10T15:58:59+01:00;48.851617204998654,2.401513597307666;Paris;75120
5029;Georges Bernanos - Port Royal;True;30;27;3;1;2;True;True;2022-03-10T15:57:28+01:00;48.84014521347377,2.3373574018478394;Paris;75105
32301;Mairie de Romainville;True;17;8;8;1;7;True;True;2022-03-10T15:52:51+01:00;48.885109,2.435679;Romainville;93063
9036;Athènes - Clichy;True;20;11;9;1;8;True;True;2022-03-10T15:50:27+01:00;48.878113787876,2.32956021945824;Paris;75109
16030;Place de Barcelone - Mirabeau;True;55;15;36;34;2;True;True;2022-03-10T15:59:01+01:00;48.84762302736417,2.2735664248466496;Paris;75116
31707;Edouard Vaillant - Galliéni;True;49;49;0;0;0;False;False;2020-08-14T04:12:17+02:00;48.85846288166117,2.4147954583168034;Bagnolet;75120
10018;Square Alban Satragne;True;30;24;4;0;4;True;True;2022-03-10T15:57:57+01:00;48.875388227727306,2.355956733335916;Paris;75110
15125;Parc Suzanne Lenglen;True;52;13;38;21;17;True;True;2022-03-10T15:58:51+01:00;48.833250690537874,2.2765403240919113;Paris;75115
22008;Charles de Gaulle - Graviers;True;28;18;10;4;6;True;True;2022-03-10T15:58:26+01:00;48.88315175918637,2.2648814320564274;Neuilly-sur-Seine;92051
10152;Gare du Nord - Place de Valenciennes;True;25;24;1;1;0;True;True;2022-03-10T15:59:07+01:00;48.879089,2.354235;Paris;75110
31025;Paul Signac - Aristide Briand;True;35;30;4;0;4;True;True;2022-03-10T15:56:12+01:00;48.86950262156371,2.4502260982990265;Montreuil;93048
13027;Mazagran - Pierre de Coubertin;True;15;12;2;2;0;True;True;2022-03-10T15:57:58+01:00;48.816218640260445,2.344226874411106;Paris;75113
13011;Hôpital - Campo-Formio;True;16;15;1;1;0;True;True;2022-03-10T15:58:25+01:00;48.835405,2.358218;Paris;75113
17029;Pierre Demours - Laugier;True;37;36;1;1;0;True;True;2022-03-10T15:58:17+01:00;48.8813072,2.294846;Paris;75117
13033;Porte d'Italie;True;13;12;1;0;1;True;True;2022-03-10T15:58:24+01:00;48.817161987718954,2.360236309468746;Paris;75113
13039;Ivry - Simone Weil;True;18;14;4;2;2;True;True;2022-03-10T15:55:08+01:00;48.823283932030755,2.3659095168113713;Paris;75113
20108;Jardin de l'Hospice Debrousse;True;23;23;0;0;0;True;True;2022-03-10T15:52:58+01:00;48.861451061938,2.405686005949974;Paris;75120
10004;Metz - Faubourg Saint-Denis;True;48;17;30;22;8;True;True;2022-03-10T15:58:11+01:00;48.870893,2.353521;Paris;75110
20122;Vitruve - Davout;True;23;21;2;0;2;True;True;2022-03-10T15:49:21+01:00;48.86053161154489,2.4091592812626543;Paris;75120
6024;Saint-Germain-des-Prés;True;26;3;23;12;11;True;True;2022-03-10T15:58:20+01:00;48.85418510815204,2.330305874347687;Paris;75106
13126;Place Nationale - Château-des-Rentiers;True;18;18;0;0;0;True;True;2022-03-10T15:49:48+01:00;48.829566,2.365053;Paris;75113
10153;Gare du Nord - Denain;True;20;16;3;2;1;True;True;2022-03-10T15:58:41+01:00;48.879595787608096,2.3544725775718693;Paris;75110
18027;Damrémont - Ordener;True;30;24;6;1;5;True;True;2022-03-10T15:59:06+01:00;48.893400392981874,2.336266523912805;Paris;75118
8008;Joseph Sansboeuf - Saint Lazare;True;18;3;15;13;2;True;True;2022-03-10T15:57:06+01:00;48.87531563065266,2.3229019716382027;Paris;75108
11038;Temple - Charlot;True;45;1;43;38;5;True;True;2022-03-10T15:54:34+01:00;48.86570934379584,2.365273725072355;Paris;75111
21203;Place Jules Ferry;True;28;23;5;3;2;True;True;2022-03-10T15:50:06+01:00;48.812107928414775,2.325837314128876;Montrouge;94003
4003;Quai aux Fleurs - Pont Saint-Louis;True;21;0;18;13;5;True;True;2022-03-10T15:58:16+01:00;48.85291595620935,2.352195717394352;Paris;75104
14101;Gare Montparnasse - Edgar Quinet;True;33;25;8;7;1;True;True;2022-03-10T15:57:44+01:00;48.841487851078895,2.3233232282800524;Paris;75114
15023;La Motte-Picquet - Grenelle;True;34;19;12;11;1;True;True;2022-03-10T15:55:59+01:00;48.84858321339195,2.299347817897797;Paris;75115
21115;Chancé Milly - Cimetière Communal Sud;True;32;26;4;1;3;True;True;2022-03-10T15:58:18+01:00;48.89687189382465,2.303922325372696;Clichy;92024
8549;George V - Christophe Colomb;True;24;4;20;8;12;True;True;2022-03-10T15:58:15+01:00;48.87046,2.30104;Paris;75108
19025;Botzaris - Crimée;True;21;17;3;0;3;True;True;2022-03-10T15:58:32+01:00;48.87959698690176,2.3887913337477067;Paris;75119
4016;Lobau - Hôtel de Ville;True;60;1;59;56;3;True;True;2022-03-10T15:59:07+01:00;48.8562118,2.3532536;Paris;75104
21029;Cours de l'Ile Seguin - Parc Billancourt;True;29;11;18;11;7;True;True;2022-03-10T15:53:44+01:00;48.82714055843935,2.234234511852265;Boulogne-Billancourt;92012
11021;Charonne - Pierre Bayle;True;23;23;0;0;0;True;True;2022-03-10T15:51:29+01:00;48.858445054261914,2.39039812238911;Paris;75111
7111;Ecole Militaire - Place Joffre;True;26;0;26;23;3;True;True;2022-03-10T15:57:03+01:00;48.852060203582795,2.301799356937409;Paris;75107
14131;Jourdan - Monticelli;True;30;28;1;0;1;True;True;2022-03-10T15:56:47+01:00;48.822032,2.329095;Paris;75114
21708;Marcel Yol - Jullien;True;30;11;19;0;19;True;True;2022-03-10T15:59:00+01:00;48.82537611802588,2.287235018058929;Vanves;92075
17023;Porte d'Asnières;True;36;33;3;1;2;True;True;2022-03-10T15:56:50+01:00;48.89035817610495,2.3036286234855656;Paris;75117
13048;Wurtz - Tolbiac;True;28;27;1;0;1;True;True;2022-03-10T15:59:00+01:00;48.82631195621006,2.344585955142975;Paris;75113
19108;Gaston Tessier - Rosa Parks RER;True;37;24;12;11;1;True;True;2022-03-10T15:59:02+01:00;48.8963765,2.3743692;Paris;75119
41210;Hôtel de ville de Fontenay-sous-Bois;True;20;20;0;0;0;True;True;2022-03-10T15:54:28+01:00;48.84949749106274,2.4750164151191716;Fontenay-sous-Bois;94033
13106;Bobillot - Paulin Mery;True;23;21;1;0;1;True;True;2022-03-10T15:53:40+01:00;48.829899841747384,2.3543356766748507;Paris;75113
21316;Cimetière d'Issy-les-Moulineaux;True;24;23;1;0;1;True;True;2022-03-10T15:55:50+01:00;48.81769977392539,2.260931208729744;Issy-les-Moulineaux;92040
10105;Mazagran - Bonne Nouvelle;True;25;13;9;5;4;True;True;2022-03-10T15:58:53+01:00;48.870047123655254,2.351124845445156;Paris;75110
16115;Raffet - Montmorency;True;42;33;9;0;9;True;True;2022-03-10T15:56:54+01:00;48.85258670812,2.2629252456151954;Paris;75116
35001;Jean Jaurès - Ouvrières Pivéreuses;True;20;10;10;5;5;True;True;2022-03-10T15:58:47+01:00;48.91042343752563,2.399576604366303;Pantin;93055
15123;Commerce - Letellier;True;44;30;14;6;8;True;True;2022-03-10T15:56:17+01:00;48.84797660373612,2.2966245196598805;Paris;75115
13109;Brillat-Savarin - Küss;True;21;19;1;0;1;True;True;2022-03-10T15:52:48+01:00;48.822203,2.350422;Paris;75113
13121;Bruneseau - Quai d'Ivry;True;48;15;31;29;2;True;True;2022-03-10T15:58:45+01:00;48.82494563758295,2.388566136360169;Ivry-sur-Seine;94041
42209;Place de l'Europe - Quai de Bercy;True;17;8;9;6;3;True;True;2022-03-10T15:58:41+01:00;48.82529858840266,2.3945679143071175;Charenton-le-Pont;94018
21030;Fessart - Château;True;20;18;2;2;0;True;True;2022-03-10T15:58:57+01:00;48.84245,2.23989;Boulogne-Billancourt;92012
43001;Paris - Laitières;True;22;10;11;4;7;True;True;2022-03-10T15:57:58+01:00;48.84630274151258,2.4207553267478947;Vincennes;94067
21031;Cimetière de Boulogne-Billancourt;True;40;14;25;20;5;True;True;2022-03-10T15:56:28+01:00;48.830764,2.252024;Boulogne-Billancourt;92012
17003;Jacques Kellner - Saint-Ouen;True;45;43;2;2;0;True;True;2022-03-10T15:58:56+01:00;48.895809485802886,2.327897409164145;Paris;75117
16024;Ranelagh - Maison de la Radio;True;22;12;9;7;2;True;True;2022-03-10T15:58:58+01:00;48.85293603169479,2.280449643731117;Paris;75116
9114;Faubourg Poissonnière - Dunkerque;True;30;29;0;0;0;True;True;2022-03-10T15:55:21+01:00;48.880883445404436,2.349934279918671;Paris;75110
17039;Place Saint-Ferdinand;True;38;28;10;3;7;True;True;2022-03-10T15:53:32+01:00;48.87815529789739,2.288518047864942;Paris;75117
12007;Gare de Lyon - Chalon;True;45;1;44;38;6;True;True;2022-03-10T15:57:57+01:00;48.84566619420225,2.3741452395915985;Paris;75112
5107;Pontoise - La Tournelle;True;23;7;15;8;7;True;True;2022-03-10T15:58:56+01:00;48.85045800918843,2.352454275492188;Paris;75105
25001;Colmar - Victor Hugo;True;32;7;24;9;15;True;True;2022-03-10T15:58:52+01:00;48.88652251096166,2.173960916697979;Rueil-Malmaison;92063
16101;Malakoff - Place de la Porte Maillot;True;31;12;4;0;4;True;True;2022-03-10T15:55:25+01:00;48.876733496637506,2.2834577411413193;Paris;75116
14010;Jean Moulin - Place Victor et Hélène Basch;True;41;35;5;2;3;True;True;2022-03-10T15:58:37+01:00;48.82764910240992,2.326196730136872;Paris;75114
21702;Gare SNCF Vanves-Malakoff;True;51;47;4;2;2;True;True;2022-03-10T15:58:21+01:00;48.819002163836444,2.292150005103606;Vanves;92075
44101;Place Mongolfier;True;39;5;32;32;0;True;True;2022-03-10T15:59:01+01:00;48.815160030060376,2.4592879414558415;Saint-Maurice;94042
42305;Vanne - Saussaies;True;20;10;10;0;10;True;True;2022-03-10T15:51:00+01:00;48.786404,2.338848;Cachan;94016
31007;Paris - Désiré Préaux;True;49;44;5;1;4;True;True;2022-03-10T15:59:03+01:00;48.85742876694898,2.4323049187660217;Montreuil;93048
11032;Jean-Pierre Timbaud - Vaucouleurs;True;47;39;8;5;3;True;True;2022-03-10T15:57:22+01:00;48.867937,2.377885;Paris;75111
27004;Gare de la Garenne-Colombes;True;28;5;23;8;15;True;True;2022-03-10T15:57:43+01:00;48.909752,2.239145;Colombes;92025
9101;Cadet - La Fayette;True;19;5;8;8;0;True;True;2022-03-10T15:58:51+01:00;48.87560163267239,2.343570403754711;Paris;75109
22303;Lucien Lanternier - Le Luth;True;27;14;13;7;6;True;True;2022-03-10T15:56:33+01:00;48.93159430558871,2.2889783978462224;Gennevilliers;92036
21028;Pierre Lefaucheux - Traversière;True;35;4;31;22;9;True;True;2022-03-10T15:58:07+01:00;48.82435208303827,2.2417913004755974;Boulogne-Billancourt;92012
92001;Mairie de quartier du Plateau - Mont-Valérien;True;20;19;0;0;0;True;True;2022-03-10T15:49:06+01:00;48.8799933,2.2072437;Nanterre;92050
12043;Daumesnil - Hébrard;True;40;24;15;11;4;True;True;2022-03-10T15:57:34+01:00;48.8429,2.38474;Paris;75112
17107;Berthier - Place Stuart Merril;True;37;32;4;0;4;True;True;2022-03-10T15:57:51+01:00;48.885927922355044,2.2933450341224675;Paris;75117
22501;Théâtre de La Garenne;True;20;18;1;0;1;True;True;2022-03-10T15:57:27+01:00;48.905768309295276,2.2353921022349748;La Garenne-Colombes;92035
16002;Pergolèse - Malakoff;True;38;8;1;0;1;True;True;2022-03-10T15:58:27+01:00;48.87521088779225,2.2842781618237495;Paris;75116
21219;Amaury Duval - Gabriel Péri;True;36;36;0;0;0;True;True;2022-03-10T15:49:12+01:00;48.81718759671675,2.323841750621796;Montrouge;92049
19128;Quai de l'Oise - Aisne;True;30;24;4;0;4;True;True;2022-03-10T15:55:37+01:00;48.8906231,2.3833701;Paris;75119
13128;Quai de la Gare - Pont de Bercy;True;30;5;24;18;6;True;True;2022-03-10T15:58:25+01:00;48.837307879720484,2.3740861260598494;Paris;75113
22408;Place du 14 Juillet;True;22;6;11;3;8;True;True;2022-03-10T14:30:30+01:00;48.8192669595252,2.30119988322258;Malakoff;92046
5014;Jean Calvin - Tournefort;True;28;26;0;0;0;True;True;2022-03-10T15:55:36+01:00;48.84158856925782,2.348489575088024;Paris;75105
11017;Charonne - Bureau;True;47;37;8;2;6;True;True;2022-03-10T15:56:31+01:00;48.854176,2.396093;Paris;75120
32011;Stade de France;True;44;4;40;13;27;True;True;2022-03-10T15:55:44+01:00;48.919141953558054,2.362065576016903;Saint-Denis;93066
6027;Blaise-Desgoffe - Vaugirard;True;32;23;9;8;1;True;True;2022-03-10T15:58:52+01:00;48.84612887774711,2.324267216026783;Paris;75106
42701;Charles Gide - Fort de Bicêtre;True;30;22;8;0;8;True;True;2022-03-10T15:50:03+01:00;48.8071937956922,2.353984415531159;Le Kremlin-Bicêtre;94043
21401;Mairie de Clamart;True;33;28;4;0;4;True;True;2022-03-10T15:55:43+01:00;48.800612,2.262151;Clamart;92023
16020;Place de la Porte de Passy;True;36;30;6;0;6;True;True;2022-03-10T15:54:15+01:00;48.857341095470794,2.2644165538827115;Paris;75116
9027;Douai - Pierre Fontaine;True;25;23;1;0;1;True;True;2022-03-10T15:55:59+01:00;48.88229101148092,2.33324121683836;Paris;75109
8020;Batignolles - Beudant;True;44;43;1;0;1;True;True;2022-03-10T15:55:22+01:00;48.88216401466375,2.319852970540523;Paris;75117
17108;Bessières - Porte de Clichy;True;33;4;26;24;2;True;True;2022-03-10T15:55:03+01:00;48.89611762451474,2.31790903955698;Paris;75117
17015;Place de Lévis;True;48;43;2;1;1;True;True;2022-03-10T15:57:49+01:00;48.883546851533254,2.3131933808326726;Paris;75117
41205;Maréchal Joffre - Verdun;True;20;19;1;0;1;True;True;2022-03-10T15:53:06+01:00;48.85385,2.470307;Fontenay-sous-Bois;94033
4001;Arcole - Notre-Dame;True;31;6;22;16;6;True;True;2022-03-10T15:59:04+01:00;48.85388354132773,2.3493797332048416;Paris;75104
4020;Place Edmond Michelet;True;23;1;19;17;2;True;True;2022-03-10T15:58:36+01:00;48.860134890541865,2.350063696503639;Paris;75104
23003;Président Wilson - Baudin;True;28;2;26;11;15;True;True;2022-03-10T15:58:22+01:00;48.89826887103676,2.2849336266517644;Levallois-Perret;92044
15022;Emile Zola - Fondary;True;42;9;33;32;1;True;True;2022-03-10T15:54:14+01:00;48.847051143113745,2.2953405976295476;Paris;75115
44007;Camille Groult - Guy Môquet;True;22;8;14;14;0;True;True;2022-03-10T15:58:37+01:00;48.787482746521306,2.3976725712418556;Vitry-sur-Seine;94081
9024;Taitbout - La Fayette;True;53;7;45;27;18;True;True;2022-03-10T15:57:43+01:00;48.87332988919973,2.3352625966072087;Paris;75109
6008;Assas - Luxembourg;True;33;18;12;2;10;True;True;2022-03-10T15:59:05+01:00;48.84373446877937,2.333428381875887;Paris;75106
16001;Portugais - Kléber;True;26;4;20;1;19;True;True;2022-03-10T15:58:21+01:00;48.8712148,2.2937349;Paris;75116
42501;Raspail - Albert Schweitzer;True;28;10;16;13;3;True;True;2022-03-10T15:56:35+01:00;48.81031545,2.34395871;Gentilly;94037
22015;Île de la Jatte;True;23;5;17;14;3;True;True;2022-03-10T15:57:38+01:00;48.894036161302104,2.2666339203715324;Neuilly-sur-Seine;92051
4002;Marché aux fleurs;True;23;13;8;4;4;True;True;2022-03-10T15:58:25+01:00;48.85525811539143,2.3473754525184636;Paris;75104
12018;Saint-Mandé - Fabre d'Eglantine;True;34;33;1;0;1;True;True;2022-03-10T15:58:26+01:00;48.8453579,2.3965022;Paris;75112
21204;Estienne d'Orves - Henri Ginoux;True;31;30;1;1;0;True;True;2022-03-10T15:52:34+01:00;48.815388220397274,2.320886790760933;Montrouge;92049
17111;Lemercier - Cardinet;True;24;18;6;2;4;True;True;2022-03-10T15:57:57+01:00;48.890097168851746,2.317377626895905;Paris;75117
22206;Louis Pasteur - Albert Petit;True;31;29;2;0;2;True;True;2022-03-10T15:52:59+01:00;48.796261,2.317289;Bagneux;92007
44005;Place Saint-Just;True;22;21;1;1;0;True;True;2022-03-10T15:52:48+01:00;48.790379518724265,2.3895226791501045;Vitry-sur-Seine;94081
21217;Louis Rolland - République;True;26;15;8;3;5;True;True;2022-03-10T15:57:09+01:00;48.81710889740748,2.3193106434955717;Montrouge;92049
17119;Toqueville - Cardinet;True;33;26;7;1;6;True;True;2022-03-10T15:58:46+01:00;48.88490187110713,2.3109393194317818;Paris;75117
15064;Javel - André Citroën;True;45;0;45;40;5;True;True;2022-03-10T15:59:04+01:00;48.846276485475,2.2786368057131767;Paris;75115
18041;Rochechouart - Martyrs;True;20;18;2;1;1;True;True;2022-03-10T15:57:21+01:00;48.88219377957169,2.3405495658516884;Paris;75109
15030;Emeriau - Beaugrenelle;True;74;14;60;59;1;True;True;2022-03-10T15:59:08+01:00;48.84791249714942,2.2843059897422795;Paris;75115
9004;Gérando - Rochechouart;True;21;20;1;1;0;True;True;2022-03-10T15:57:45+01:00;48.88294340844958,2.346484623849392;Paris;75109
16011;Victor Hugo - La Pompe;True;41;38;2;1;1;True;True;2022-03-10T15:57:51+01:00;48.86795222470859,2.28146318346262;Paris;75116
4021;Centre Georges Pompidou;True;26;6;18;13;5;True;True;2022-03-10T15:57:53+01:00;48.861419,2.352581;Paris;75103
35007;Benjamin Delessert - Jean Lolive;True;21;18;1;0;1;True;True;2022-03-10T15:58:02+01:00;48.89392043619345,2.417981922626496;Pantin;93055
32601;Porte des Lilas - Faidherbe;True;39;38;0;0;0;True;True;2022-03-10T15:55:55+01:00;48.87861855668978,2.4120327830314636;Les Lilas;93045
47001;Place de la Gare;True;46;23;23;20;3;True;True;2022-03-10T15:58:35+01:00;48.80253358011283,2.4275037646293645;Maisons-Alfort;94046
12026;Place Ginette Hamelin;True;51;0;50;37;13;True;True;2022-03-10T15:58:55+01:00;48.837853,2.382064;Paris;75112
13032;Italie - Jardin Joan Miro;True;26;24;2;0;2;True;True;2022-03-10T15:57:20+01:00;48.81990914045756,2.3592948541045193;Paris;75113
6012;Saint-Germain - Ciseaux;True;18;1;16;7;9;True;True;2022-03-10T15:58:59+01:00;48.85330527759475,2.334465461882703;Paris;75106
41101;Paul Doumer - Stalingrad;True;24;10;14;12;2;True;True;2022-03-10T15:57:25+01:00;48.806518992198676,2.3368880152702336;Arcueil;94003
17123;Mstislav Rostropovitch - Berthier;True;18;12;6;2;4;True;True;2022-03-10T15:54:21+01:00;48.892120821173975,2.309234105050564;Paris;75117
8037;Monceau - Malesherbes;True;38;17;21;10;11;True;True;2022-03-10T15:59:07+01:00;48.8795079,2.3145456;Paris;75108
12005;Crozatier - Faubourg Saint-Antoine;True;29;9;12;11;1;True;True;2022-03-10T15:56:32+01:00;48.8504400134045,2.37890136621104;Paris;75112
18038;Rond-Point de la Chapelle;True;49;39;9;6;3;True;True;2022-03-10T15:53:12+01:00;48.895126609314104,2.359971106052399;Paris;75118
21319;Esplanade du Foncet - Camille Desmoulins;True;28;1;25;15;10;True;True;2022-03-10T15:59:08+01:00;48.827090233494964,2.2606857866048813;Issy-les-Moulineaux;92040
23004;Paul Vaillant-Couturier - Victor Hugo;True;36;4;31;12;19;True;True;2022-03-10T15:55:07+01:00;48.89819702263572,2.293848017974069;Levallois-Perret;92044
9102;Londres - Place d'Estienne d'Orves;True;25;11;12;10;2;True;True;2022-03-10T15:58:23+01:00;48.876693805756986,2.3305362090468407;Paris;75109
43010;La Jarry - Place Diderot;True;25;21;3;0;3;True;True;2022-03-10T15:58:29+01:00;48.849726940367326,2.452013790607453;Vincennes;94033
18044;Clichy - Douai;True;32;25;7;1;6;True;True;2022-03-10T15:54:01+01:00;48.88411831886975,2.3287287354469304;Paris;75118
15004;Vaugirard - Pasteur;True;21;17;4;3;1;True;True;2022-03-10T15:57:28+01:00;48.84040868803496,2.3154367133975033;Paris;75115
12038;Picpus - Louis Braille;True;44;43;1;0;1;True;True;2022-03-10T15:57:45+01:00;48.839988788911874,2.400525668552064;Paris;75112
23010;Voltaire - Anatole France;True;27;7;20;11;9;True;True;2022-03-10T15:56:17+01:00;48.891999360256904,2.284262739121914;Levallois-Perret;92044
21314;Chemin de Bretagne;True;29;9;20;9;11;True;True;2022-03-10T15:57:38+01:00;48.825147,2.25936;Issy-les-Moulineaux;92040
15057;Lucien Bossoutrot - Général Martial Vallin;True;39;3;35;20;15;True;True;2022-03-10T15:58:38+01:00;48.83695604631085,2.274107225239277;Paris;75115
18030;Joseph Dijon - Ornano;True;37;32;5;0;5;True;True;2022-03-10T15:59:07+01:00;48.89374453351521,2.3476678133010864;Paris;75118
18007;Goutte d'or - Barbès;True;20;16;3;2;1;True;True;2022-03-10T15:57:04+01:00;48.88512432362698,2.349696233868599;Paris;75118
92006;Place Nelson Mandela;True;30;18;12;0;12;True;True;2022-03-10T15:58:15+01:00;48.897874318180556,2.2182820737361912;Nanterre;92050
15005;Place Jacques et Thérèse Tréfouël;True;43;40;3;0;3;True;True;2022-03-10T15:56:31+01:00;48.842726498316644,2.3125657439231877;Paris;75115
31005;Square Denise Buisson;True;45;39;6;0;6;True;True;2022-03-10T15:57:21+01:00;48.8562322730982,2.426436245441437;Montreuil;93048
18006;Square Louise Michel;True;36;32;3;0;3;True;True;2022-03-10T15:59:03+01:00;48.88468735450907,2.3441386967897415;Paris;75118
14137;Maurice d'Ocagne - General Maudhuy;True;30;28;2;2;0;True;True;2022-03-10T15:54:17+01:00;48.82414282524159,2.3158789426088333;Paris;75114
13044;Place Jeanne d'Arc;True;36;34;2;1;1;True;True;2022-03-10T15:50:12+01:00;48.829575,2.369126;Paris;75113
12155;Rottembourg - Général Michel Bizot;True;43;21;16;13;3;True;True;2022-03-10T15:56:33+01:00;48.83787825992554,2.4044052511453633;Paris;75112
33015;Charles Tillon - Cimetière Communal;True;30;8;22;20;2;True;True;2022-03-10T15:54:44+01:00;48.91844023641836,2.3935630917549138;Aubervilliers;93001
9011;Geoffroy - Marie;True;20;6;14;8;6;True;True;2022-03-10T15:58:55+01:00;48.873781940593325,2.344513876337893;Paris;75109
15311;Quai du Président Roosevelt - Pont Aval;True;30;3;26;20;6;True;True;2022-03-10T15:57:41+01:00;48.8343883676388,2.2656820714473724;Paris;75115
12035;Madagascar - Meuniers;True;33;32;0;0;0;True;True;2022-03-10T15:58:30+01:00;48.83460464474706,2.3970650508999825;Paris;75112
35006;Delizy - Louis Nadot;True;22;19;2;2;0;True;True;2022-03-10T15:53:33+01:00;48.896212845581346,2.4094578623771667;Pantin;93055
1003;Saint-Denis - Rivoli;True;43;8;34;23;11;True;True;2022-03-10T15:59:06+01:00;48.85905934084166,2.3476943001151085;Paris;75101
15011;Cambronne - Villa Croix Nivert;True;62;56;6;4;2;True;True;2022-03-10T15:58:25+01:00;48.84584756136587,2.3017574474215508;Paris;75115
5115;Buffon - Jardin des Plantes;True;30;0;29;27;2;True;True;2022-03-10T15:58:43+01:00;48.842668466104875,2.3618587106466293;Paris;75105
1021;Halles - Bourdonnais;True;20;1;17;15;2;True;True;2022-03-10T15:55:35+01:00;48.86044899257468,2.3460162431001663;Paris;75101
10021;Marché Saint-Quentin;True;15;14;1;0;1;True;True;2022-03-10T15:51:56+01:00;48.877356057652264,2.354511445637388;Paris;75110
44016;Balzac - Olympes de Gouges;True;28;16;12;7;5;True;True;2022-03-10T15:58:58+01:00;48.77850332486751,2.4006786569952965;Vitry-sur-Seine;94081
41211;Louis Xavier de Ricard - Ancienne Mairie;True;34;34;0;0;0;True;True;2022-03-10T15:58:08+01:00;48.84629899065091,2.472420372068882;Fontenay-sous-Bois;94033
7017;La Motte-Picquet - La Tour Maubourg;True;40;9;29;21;8;True;True;2022-03-10T15:58:35+01:00;48.8572316,2.3094136;Paris;75107
4019;Cloître Saint-Merri - Renard;True;32;2;27;11;16;True;True;2022-03-10T15:58:28+01:00;48.85883544889818,2.351827919483185;Paris;75104
51002;Placette Grégoire Collas;True;25;0;25;9;16;True;True;2022-03-10T15:57:24+01:00;48.94342014002797,2.2487476095557213;Argenteuil;95018
8116;Champs-Elysees - Bassano;True;25;25;0;0;0;False;False;2021-02-21T20:09:18+01:00;48.87181180781605,2.3002389818429947;Paris;75108
15071;Suffren - Champ de Mars;True;23;3;20;19;1;True;True;2022-03-10T15:57:39+01:00;48.8547194,2.2952168;Paris;75107
3102;Bourg l'Abbé - Saint-Martin;True;42;28;13;13;0;True;True;2022-03-10T15:57:53+01:00;48.86393331949257,2.352406270802021;Paris;75103
15102;Square Bela Bartok;True;24;1;23;19;4;True;True;2022-03-10T15:58:57+01:00;48.85120156830401,2.2846536710858345;Paris;75115
51001;Gare d'Argenteuil;True;40;18;22;11;11;True;True;2022-03-10T15:56:19+01:00;48.947022436806705,2.256898172199726;Argenteuil;95018
33016;Fort d'Aubervilliers;True;22;11;11;2;9;True;True;2022-03-10T15:54:29+01:00;48.91502382370325,2.4035281687974925;Aubervilliers;93001
21315;Jules Guesdes - Général de Gaulle;True;24;20;3;0;3;True;True;2022-03-10T15:58:40+01:00;48.81930581291959,2.278934195637703;Issy-les-Moulineaux;92075
27005;Gare du Stade;True;20;2;18;13;5;True;True;2022-03-10T15:58:36+01:00;48.9312676,2.2603778;Colombes;92025
6022;Marché Saint-Germain;True;21;2;18;6;12;True;True;2022-03-10T15:58:58+01:00;48.85165625855281,2.335500307381153;Paris;75106
13009;Auguste Blanqui - Corvisart;True;26;25;1;0;1;True;True;2022-03-10T15:58:41+01:00;48.8300989,2.3502726;Paris;75113
15006;Cherche-Midi - Hôpital Necker;True;38;33;5;0;5;True;True;2022-03-10T15:57:29+01:00;48.84461063309956,2.317914068698883;Paris;75115
21501;Pont de Suresnes;True;52;41;8;5;3;True;True;2022-03-10T15:56:01+01:00;48.8674150923217,2.225894667961703;Suresnes;92073
9007;Condorcet - Turgot;True;20;14;3;2;1;True;True;2022-03-10T15:58:28+01:00;48.87985155789093,2.345232367515564;Paris;75109
9006;Dunkerque - Trudaine;True;16;14;2;1;1;True;True;2022-03-10T15:57:32+01:00;48.88215166773376,2.3463253676891327;Paris;75109
41403;Gare RER - Malleret-Joinville;True;20;15;4;1;3;True;True;2022-03-10T15:56:03+01:00;48.802936,2.42531;Alfortville;94002
13516;Glacière - Soeur Catherine Marie;True;40;33;7;5;2;True;True;2022-03-10T15:57:21+01:00;48.829522989420596,2.343570403754711;Paris;75113
15127;Place Charles Michels;True;37;21;13;13;0;True;True;2022-03-10T15:56:02+01:00;48.846401,2.28502;Paris;75115
5024;Place Monge;True;21;18;3;2;1;True;True;2022-03-10T15:55:00+01:00;48.842761803051346,2.3524079471826553;Paris;75105
33103;Jean Jaurès - Jules Jacquemin;True;24;23;0;0;0;True;True;2022-03-10T15:58:39+01:00;48.88433053604843,2.4082902455152104;Le Pré-Saint-Gervais;93061
2108;Vivienne - Montmartre;True;39;1;38;12;26;True;True;2022-03-10T15:58:26+01:00;48.8713475973833,2.341458834707737;Paris;75102
20044;Davout - Volga;True;28;27;1;1;0;True;True;2022-03-10T15:54:16+01:00;48.852919679957296,2.410522909779111;Paris;75120
7109;Place Joffre - Frédéric le Play;True;38;5;32;32;0;True;True;2022-03-10T15:58:25+01:00;48.85375448693786,2.3044242337346077;Paris;75107
33012;Landy - Heurtault;True;30;24;6;3;3;True;True;2022-03-10T15:59:07+01:00;48.915096534520316,2.375951372087002;Aubervilliers;93001
13025;Place de Rungis;True;32;29;2;0;2;True;True;2022-03-10T15:56:35+01:00;48.82245594764965,2.347382729482953;Paris;75113
13018;Bruant - Vincent Auriol;True;25;3;20;11;9;True;True;2022-03-10T15:56:26+01:00;48.83484845292942,2.366826499627087;Paris;75113
12028;Vivaldi - Antoine-Julien Hénard;True;27;21;6;3;3;True;True;2022-03-10T15:49:40+01:00;48.841923663276546,2.389728979467376;Paris;75112
11001;Richard Lenoir - Place de la Bastille;True;53;7;43;34;9;True;True;2022-03-10T15:58:51+01:00;48.8538327,2.3697222;Paris;75111
9034;Godot de Mauroy - Madeleine;True;22;0;21;16;5;True;True;2022-03-10T15:59:09+01:00;48.869789,2.326347;Paris;75109
16005;Raymond Poincaré - Place Victor Hugo;True;25;20;3;2;1;True;True;2022-03-10T15:54:25+01:00;48.870306124369975,2.285074541420228;Paris;75116
44011;Lebrun - Colonel Fabien;True;27;26;1;0;1;True;True;2022-03-10T15:58:37+01:00;48.78266870733145,2.381317801773548;Vitry-sur-Seine;94081
17009;Paul Bodin - Clichy;True;34;24;8;5;3;True;True;2022-03-10T15:58:59+01:00;48.89239614618928,2.317142598330975;Paris;75117
4010;Saint-Antoine Sévigné;True;26;9;17;16;1;True;True;2022-03-10T15:58:50+01:00;48.8550222,2.3612322;Paris;75104
20022;Porte de Bagnolet;True;33;32;1;0;1;True;True;2022-03-10T15:58:25+01:00;48.864707139122984,2.408344637349607;Paris;75120
12101;Charenton - Prague;True;26;10;16;12;4;True;True;2022-03-10T15:58:42+01:00;48.848175129981016,2.376358449431232;Paris;75112
12036;Reuilly - Place Felix Eboue;True;42;35;7;2;5;True;True;2022-03-10T15:58:49+01:00;48.84030274499962,2.394630398715453;Paris;75112
21707;Square Etienne Jarousse;True;25;23;2;0;2;True;True;2022-03-10T15:49:16+01:00;48.82485182597129,2.2925933450460434;Vanves;92075
16105;Crevaux - Bugeaud;True;31;30;1;0;1;True;True;2022-03-10T15:49:23+01:00;48.870809428669546,2.281149007691853;Paris;75116
15129;Hôpital Necker;True;40;32;7;6;1;True;True;2022-03-10T15:58:52+01:00;48.846043490118454,2.313245013356209;Paris;75115
16012;Flandrin - Longchamp;True;42;21;18;6;12;True;True;2022-03-10T15:58:44+01:00;48.86877849178477,2.274354539176829;Paris;75116
20015;Bagnolet - Orteaux;True;36;31;5;0;5;True;True;2022-03-10T15:56:43+01:00;48.85708641027236,2.3984125256538396;Paris;75120
16036;Porte Molitor;True;60;52;5;1;4;True;True;2022-03-10T15:58:28+01:00;48.84524763511433,2.2569015249609947;Paris;75116
8027;Mairie du 8ème;True;14;4;8;2;6;True;True;2022-03-10T15:58:17+01:00;48.877932,2.318264;Paris;75108
4006;Bourdon - Pont Morland;True;0;0;0;0;0;False;False;2022-02-10T14:43:35+01:00;48.8478103,2.3659356;Paris;75112
15039;Abbé Groult - Convention;True;12;11;1;1;0;True;True;2022-03-10T15:57:10+01:00;48.83596927866069,2.302064039509349;Paris;75115
26004;Gare RER les Grésillons;True;22;5;15;6;9;True;True;2022-03-10T15:56:43+01:00;48.919898633572764,2.31458459136273;Asnières-sur-Seine;92036
2112;Bibliothèque Nationale - Richelieu;True;17;8;8;5;3;True;True;2022-03-10T15:54:13+01:00;48.868288993515,2.3380893096328;Paris;75102
18139;Poissonniers - Championnet;True;28;15;4;2;2;True;True;2022-03-10T15:53:28+01:00;48.89543299733937,2.3530178144574165;Paris;75118
21402;Place Aimé Césaire;True;27;18;9;2;7;True;True;2022-03-10T15:58:24+01:00;48.783194713067815,2.2429127991199493;Clamart;92023
1020;Cambon - Rivoli;True;40;1;35;14;21;True;True;2022-03-10T15:58:48+01:00;48.866143390992,2.3251800647136633;Paris;75101
23102;Hôtel de Ville de Sèvres;True;32;24;7;5;2;True;True;2022-03-10T15:53:43+01:00;48.824363561288756,2.2131047397851944;Sèvres;92072
1006;Grande Truanderie - Saint-Denis;True;33;2;32;15;17;True;True;2022-03-10T15:58:41+01:00;48.8626302,2.3498075;Paris;75101
21303;Jean Monnet - Iles;True;32;7;22;19;3;True;True;2022-03-10T15:58:36+01:00;48.823393984057304,2.2497073194874866;Issy-les-Moulineaux;92040
6010;Chevreuse - Montparnasse;True;15;7;7;2;5;True;True;2022-03-10T15:56:34+01:00;48.841739161230905,2.331552216736739;Paris;75106
33014;Parc Eli Lotar;True;20;19;1;0;1;True;True;2022-03-10T15:56:42+01:00;48.91844993053703,2.3727085813879967;Aubervilliers;93001
19110;Square Claude Bernard;True;30;14;15;12;3;True;True;2022-03-10T15:55:52+01:00;48.89876016219984,2.375325746834278;Paris;75119
11033;Bréguet - Sabin;True;33;12;19;16;3;True;True;2022-03-10T15:58:25+01:00;48.856931678257446,2.3706749462105408;Paris;75111
3008;Perle - Vieille du Temple;True;36;0;35;26;9;True;True;2022-03-10T15:59:02+01:00;48.8601346,2.3611206;Paris;75103
13052;Leredde - Tolbiac;True;44;2;38;26;12;True;True;2022-03-10T15:57:56+01:00;48.828876296639876,2.374438270926476;Paris;75113
5015;Epée de Bois - Mouffetard;True;63;58;5;4;1;True;True;2022-03-10T15:58:04+01:00;48.841508690388835,2.350066713988781;Paris;75105
17024;Villiers - Batignolles;True;23;19;4;1;3;True;True;2022-03-10T15:58:14+01:00;48.88125253846116,2.31653843075037;Paris;75108
10032;Claude Vellefaux - Hôpital Saint-Louis;True;32;28;4;0;4;True;True;2022-03-10T15:55:17+01:00;48.87285913900304,2.370071706985146;Paris;75110
15036;Croix Nivert - Square Saint-Lambert;True;47;21;26;25;1;True;True;2022-03-10T15:57:24+01:00;48.8430515215905,2.295200452208519;Paris;75115
48004;Maxime Gorki - Louis Aragon;True;20;20;0;0;0;True;True;2022-03-10T15:53:16+01:00;48.78909814728443,2.368387877941132;Villejuif;94076
11011;Richard Lenoir - Voltaire;True;25;18;7;3;4;True;True;2022-03-10T15:57:46+01:00;48.86164273877979,2.3727491497993474;Paris;75111
45002;Roger Salengro - Général de Gaulle;True;27;10;17;12;5;True;True;2022-03-10T15:57:51+01:00;48.820029010376956,2.4846760556101803;Champigny-sur-Marne;94017
20105;Benoît Frachon - République;True;30;20;8;3;5;True;True;2022-03-10T15:57:26+01:00;48.85230729014318,2.415605485439301;Paris;75120
16042;Murat - Porte de Saint-Cloud;True;38;20;16;12;4;True;True;2022-03-10T15:56:54+01:00;48.83750862621299,2.2577651962637906;Paris;75116
15018;Dutot - Place Alleray;True;56;56;0;0;0;True;True;2022-03-10T15:59:06+01:00;48.83682609176588,2.307170109557766;Paris;75115
15128;Cadix - Hameau;True;37;22;15;14;1;True;True;2022-03-10T15:58:24+01:00;48.8340107632249,2.289516180753708;Paris;75115
13035;Choisy - Tolbiac;True;26;19;5;1;4;True;True;2022-03-10T15:58:59+01:00;48.82591155587,2.3602393269539;Paris;75113
12037;Reuilly - Daumesnil;True;36;33;3;0;3;True;True;2022-03-10T15:55:39+01:00;48.8395385,2.3972516;Paris;75112
41401;Marne - Charles de Gaulle;True;27;15;11;9;2;True;True;2022-03-10T15:58:37+01:00;48.815071719544434,2.4121668934822087;Alfortville;94002
17019;Phalsbourg - Villiers;True;20;7;13;3;10;True;True;2022-03-10T14:47:43+01:00;48.88242307900951,2.3090453445911407;Paris;75117
6002;Saint-Benoît - Jacob;True;23;3;19;17;2;True;True;2022-03-10T15:59:06+01:00;48.85545136013941,2.3334722220897675;Paris;75106
18004;Place des Abbesses;True;12;8;3;0;3;True;True;2022-03-10T15:54:33+01:00;48.884542726149725,2.3386867716908455;Paris;75118
14031;Didot - Place de Moro-Giafferi;True;22;20;2;0;2;True;True;2022-03-10T15:58:32+01:00;48.8337,2.3215;Paris;75114
10034;Louis Blanc - La Chapelle;True;21;18;3;1;2;True;True;2022-03-10T15:57:48+01:00;48.88400896451429,2.3599335551261906;Paris;75110
16019;Porte de la Muette;True;36;25;10;3;7;True;True;2022-03-10T15:56:37+01:00;48.86302317841182,2.2687188170157406;Paris;75116
12019;Gare de Reuilly - Picpus;True;28;27;1;0;1;True;True;2022-03-10T15:55:35+01:00;48.84267354116789,2.3972943797707558;Paris;75112
10019;Paradis - Hauteville;True;31;7;23;14;9;True;True;2022-03-10T15:58:09+01:00;48.874999954666755,2.3522757401923404;Paris;75110
16102;Pergolèse - Marbeau;True;27;24;1;0;1;True;True;2022-03-10T15:57:59+01:00;48.87356870686902,2.281512522529856;Paris;75116
14032;Mairie du 14ème;True;32;32;0;0;0;True;True;2022-03-10T15:51:38+01:00;48.83254578122993,2.325492314994335;Paris;75114
20024;Gambetta - Père Lachaise;True;29;27;2;0;2;True;True;2022-03-10T15:57:10+01:00;48.864295696165875,2.398228667282044;Paris;75120
14011;Place des Droits de l'Enfant;True;24;19;5;1;4;True;True;2022-03-10T15:51:55+01:00;48.8274804,2.3319217;Paris;75114
12156;Niger - Soult;True;24;21;3;2;1;True;True;2022-03-10T15:55:15+01:00;48.84369906369085,2.410361237220498;Paris;75112
41203;Stalingrad - Rigollots;True;20;19;1;0;1;True;True;2022-03-10T15:55:25+01:00;48.84997403844251,2.45557576417923;Fontenay-sous-Bois;94033
18140;Porte de Clignancourt - Ney;True;40;33;5;1;4;True;True;2022-03-10T15:57:38+01:00;48.899641123987095,2.344321422278881;Paris;75118
18039;Jardins d'Eole;True;20;18;2;2;0;True;True;2022-03-10T15:53:12+01:00;48.8869703,2.3668488;Paris;75119
4108;Quai de Béthune - Pont de la Tournelle;True;25;0;25;19;6;True;True;2022-03-10T15:55:55+01:00;48.85097433194032,2.356307208538055;Paris;75104
15008;Sèvres - Lecourbe;True;62;52;8;5;3;True;True;2022-03-10T15:58:53+01:00;48.8447677,2.3110086;Paris;75115
1007;Turbigo - Française;True;16;6;10;7;3;True;True;2022-03-10T15:59:06+01:00;48.86358858111446,2.3477794602513313;Paris;75101
15001;Gare Montparnasse - Arrivée;True;43;21;22;11;11;True;True;2022-03-10T15:56:03+01:00;48.843827994314886,2.3225811123847966;Paris;75115
19002;Centquatre;True;42;36;4;2;2;True;True;2022-03-10T15:56:31+01:00;48.88933353845543,2.3707854375243187;Paris;75119
5007;Ecoles - Carmes;True;36;6;30;17;13;True;True;2022-03-10T15:57:43+01:00;48.848904447989405,2.3473486304283147;Paris;75105
9009;Square Montholon;True;21;17;3;2;1;True;True;2022-03-10T15:58:37+01:00;48.876620377545024,2.3457641154527664;Paris;75109
14026;Plantes - Moulin Vert;True;45;40;5;2;3;True;True;2022-03-10T15:53:18+01:00;48.83005755305626,2.3232302069664006;Paris;75114
3010;Beaubourg - Michel-le-Comte;True;17;0;17;14;3;True;True;2022-03-10T15:59:06+01:00;48.862534941805855,2.354310303926468;Paris;75103
10008;Cité Riverin - Château d'Eau;True;18;10;7;2;5;True;True;2022-03-10T15:58:47+01:00;48.870702423554306,2.358739863900845;Paris;75110
41405;Place de l'Europe - Alfortville;True;24;8;15;10;5;True;True;2022-03-10T15:56:48+01:00;48.78913702405837,2.4284800887107854;Alfortville;94002
42505;Charles Frérot - Albert Guilpin;True;30;15;15;12;3;True;True;2022-03-10T15:57:24+01:00;48.8155839183714,2.3505029082298283;Gentilly;94037
2015;Louis le Grand - Italiens;True;33;2;30;20;10;True;True;2022-03-10T15:59:06+01:00;48.870508937203915,2.334054461939329;Paris;75102
8117;Place de la Madeleine - Royale;True;26;1;25;9;16;True;True;2022-03-10T15:58:59+01:00;48.86922805264812,2.3244211077690125;Paris;75108
21953;Gare de Bellevue;True;20;12;7;1;6;True;True;2022-03-10T15:54:50+01:00;48.8192404685572,2.2295309230685234;Meudon;92048
12015;Place de la Nation - Picpus;True;36;31;4;3;1;True;True;2022-03-10T15:49:39+01:00;48.84682168154762,2.400113046169281;Paris;75112
7021;Bosquet - Saint-Dominique;True;28;1;26;16;10;True;True;2022-03-10T15:59:06+01:00;48.85865170952645,2.303716580234576;Paris;75107
11112;Jules Vallès - Charonne;True;23;19;4;1;3;True;True;2022-03-10T15:57:09+01:00;48.85428437993525,2.384767457842827;Paris;75111
3001;Beaumarchais - Saint-Gilles;True;51;6;41;34;7;True;True;2022-03-10T15:58:05+01:00;48.8580378,2.3679352;Paris;75111
22201;Henri Ravera - Gabriel Péri;True;30;30;0;0;0;True;True;2022-03-10T15:55:09+01:00;48.79722273833844,2.302115857601166;Bagneux;92007
16103;Traktir - Foch;True;22;19;3;1;2;True;True;2022-03-10T15:54:20+01:00;48.87275533461363,2.2915497802487077;Paris;75116
44014;Camille Risch - Paul Armangot;True;25;23;1;1;0;True;True;2022-03-10T15:57:26+01:00;48.774703,2.373685;Vitry-sur-Seine;94081
31709;Place de la Fraternité;True;22;17;3;0;3;True;True;2022-03-10T15:58:13+01:00;48.85716405838368,2.422847449779511;Montreuil;93048
16037;Molitor - Michel-Ange;True;52;32;20;19;1;True;True;2022-03-10T15:58:57+01:00;48.845182081538034,2.26211277356597;Paris;75116
10011;Bourse du Travail;True;17;1;14;7;7;True;True;2022-03-10T15:58:48+01:00;48.868976638825686,2.362343855202198;Paris;75110
47003;Charentonneau - Maisons Alfort;True;20;8;12;3;9;True;True;2022-03-10T15:56:18+01:00;48.809932980484355,2.443288456496946;Maisons-Alfort;94046
3011;Turbigo - Réaumur;True;31;1;28;18;10;True;True;2022-03-10T15:57:28+01:00;48.86557404753054,2.3564198613166814;Paris;75103
20034;Sorbier - Ménilmontant;True;24;23;0;0;0;True;True;2022-03-10T15:58:18+01:00;48.86854239566069,2.3897721245884895;Paris;75120
21506;Maurice Payret-Dortail;True;22;22;0;0;0;True;True;2022-03-10T15:55:44+01:00;48.87811957063342,2.2233625128865246;Suresnes;92073
16013;Mairie du 16ème;True;35;34;1;0;1;True;True;2022-03-10T15:57:44+01:00;48.863936848471994,2.2765953093767166;Paris;75116
4103;Archives - Rivoli;True;25;2;22;12;10;True;True;2022-03-10T15:59:07+01:00;48.857346707443455,2.3539767041802406;Paris;75104
7012;Cité Vaneau;True;26;10;16;15;1;True;True;2022-03-10T15:56:20+01:00;48.8542210666207,2.319614924490452;Paris;75107
2003;Saint-Denis - Réaumur;True;32;2;29;17;12;True;True;2022-03-10T15:59:09+01:00;48.8661116315789,2.3507790675507594;Paris;75102
20008;Pyrénées - Avron;True;32;30;2;0;2;True;True;2022-03-10T15:56:12+01:00;48.853246898211985,2.405871044529538;Paris;75120
22503;Joffre - Aigle;True;20;18;2;0;2;True;True;2022-03-10T15:52:45+01:00;48.904033,2.245096;La Garenne-Colombes;92035
10038;Place du Colonel Fabien;True;27;26;1;1;0;True;True;2022-03-10T15:58:21+01:00;48.8775683208602,2.369879186153412;Paris;75110
12020;Cours de Vincennes - Soult;True;45;43;2;1;1;True;True;2022-03-10T15:59:00+01:00;48.846918761569306,2.4105220288038254;Paris;75112
18034;Leibniz - Jean Dollfus;True;32;28;4;2;2;True;True;2022-03-10T15:57:44+01:00;48.896328348515986,2.333390423834684;Paris;75118
15111;Olivier de Serres - Leriche;True;25;25;0;0;0;True;True;2022-03-10T15:58:50+01:00;48.83460221715206,2.2957482933998112;Paris;75115
6104;Herschel - Observatoire;True;37;25;12;0;12;True;True;2022-03-10T15:57:58+01:00;48.84342376221923,2.3376645147800446;Paris;75106
3005;Sainte-Elisabeth - Turbigo;True;33;0;33;28;5;True;True;2022-03-10T15:58:57+01:00;48.86610337431042,2.359649240970612;Paris;75103
20104;Louis Lumière.;True;22;19;0;0;0;True;True;2022-03-10T15:51:59+01:00;48.86216198070008,2.41112578185621;Paris;75120
2021;Cléry - Montmartre;True;44;4;40;25;15;True;True;2022-03-10T15:58:30+01:00;48.867458,2.3445211;Paris;75102
14135;Jourdan - Cité Universitaire;True;39;30;7;5;2;True;True;2022-03-10T15:58:30+01:00;48.819897343156676,2.3397007964124366;Paris;75114
24006;Adolphe Lalyre - Armand Silvestre;True;40;40;0;0;0;True;True;2022-03-10T15:50:21+01:00;48.90406266961591,2.273416221141815;Courbevoie;92026
21309;Mairie d'Issy;True;41;25;16;11;5;True;True;2022-03-10T15:58:32+01:00;48.8237677924683,2.27231115102768;Issy-les-Moulineaux;92040
14132;Bézout - Général Leclerc;True;30;26;4;1;3;True;True;2022-03-10T15:55:32+01:00;48.82884804502439,2.3285973072052;Paris;75114
20001;Place de la Nation - Charonne;True;36;34;1;1;0;True;True;2022-03-10T15:52:13+01:00;48.848364667776785,2.399762385981272;Paris;75120
3012;Square Emile - Chautemps;True;25;7;17;10;7;True;True;2022-03-10T15:58:41+01:00;48.86743372423056,2.353635728359223;Paris;75103
13005;Cordelières - Arago;True;46;40;6;3;3;True;True;2022-03-10T15:56:31+01:00;48.83548071896613,2.348572461702221;Paris;75113
14022;Didot - Mariniers;True;35;31;3;1;2;True;True;2022-03-10T15:51:57+01:00;48.82650543613106,2.313136198271666;Paris;75114
14103;Maine - Liancourt;True;27;26;1;0;1;True;True;2022-03-10T15:59:09+01:00;48.835064363954,2.323731449973991;Paris;75114
13125;Gare d'Austerlitz - Pont Charles de Gaulle;True;55;2;53;36;17;True;True;2022-03-10T15:58:01+01:00;48.842319830109304,2.3670300096273422;Paris;75113
9037;Parme - Clichy;True;24;17;7;2;5;True;True;2022-03-10T15:56:24+01:00;48.88126642422664,2.328197093450571;Paris;75109
31001;Lagny - Auguste Blanqui;True;27;9;15;11;4;True;True;2022-03-10T15:58:16+01:00;48.84922568052601,2.4218603968620305;Montreuil;94080
8110;Gare Saint-Lazare - Stockholm;True;32;13;19;10;9;True;True;2022-03-10T15:57:38+01:00;48.877127316667654,2.322417162358761;Paris;75108
21507;Gardenat-Lapostol - Velettes;True;20;17;3;1;2;True;True;2022-03-10T15:56:27+01:00;48.87387,2.224185;Suresnes;92073
19201;Petit - Georges Thill;True;23;21;1;1;0;True;True;2022-03-10T15:54:36+01:00;48.88603131999171,2.3895753175020222;Paris;75119
14023;Adolphe Pinard - Victor Hugo;True;52;47;5;1;4;True;True;2022-03-10T15:55:10+01:00;48.8236825874564,2.3077843710780144;Malakoff;92046
19010;Emile Reynaud - Porte de la Villette;True;22;16;6;4;2;True;True;2022-03-10T15:58:54+01:00;48.90098953630053,2.3887022584676743;Paris;75119
15062;Convention - Lourmel;True;36;12;24;19;5;True;True;2022-03-10T15:58:53+01:00;48.84205504165568,2.2859910875558853;Paris;75115
22301;Chausson - Gabriel Péri;True;22;12;9;2;7;True;True;2022-03-10T15:58:40+01:00;48.921891003481115,2.2952306270599365;Gennevilliers;92036
48005;Eugène Varlin - Place de la Paix;True;23;22;1;0;1;True;True;2022-03-10T15:52:18+01:00;48.792862,2.363093;Villejuif;94076
15132;Bargue -  Dutot;True;21;20;1;0;1;True;True;2022-03-10T15:58:08+01:00;48.837884,2.308876;Paris;75115
14133;Froidevaux - Boulard;True;35;34;1;0;1;True;True;2022-03-10T15:59:07+01:00;48.83514731962543,2.3294411972165108;Paris;75114
20006;Pyrénées - Plaine;True;12;12;0;0;0;True;True;2022-03-10T15:53:45+01:00;48.85026702458012,2.4062821269035344;Paris;75120
41208;Alouettes - Maréchal de Lattre de Tassigny;True;22;18;4;0;4;True;True;2022-03-10T15:57:44+01:00;48.85511009293948,2.4930700287222862;Fontenay-sous-Bois;94033
10009;Mairie du 10ème;True;19;14;4;4;0;True;True;2022-03-10T15:58:58+01:00;48.87208944990723,2.357582598924637;Paris;75110
3003;Fille du Calvaire - Turenne;True;29;5;21;20;1;True;True;2022-03-10T15:58:08+01:00;48.86210505412563,2.3649600148200993;Paris;75103
21026;Sèvres - Général Leclerc;True;30;9;20;13;7;True;True;2022-03-10T15:58:31+01:00;48.83012155905476,2.231426239013672;Boulogne-Billancourt;92012
4009;Village Saint-Paul;True;28;2;25;20;5;True;True;2022-03-10T15:59:01+01:00;48.852639866624806,2.3607301712036137;Paris;75104
32013;Saint-Denis - Université;True;24;2;20;5;15;True;True;2022-03-10T15:58:35+01:00;48.94563430946964,2.3638297989964485;Saint-Denis;93066
42026;Barbès - Monique Maunoury;True;40;39;1;0;1;True;True;2022-03-10T15:52:51+01:00;48.81552718820216,2.3687169334905405;Ivry-sur-Seine;94041
12002;Lacuée - Lyon;True;16;5;11;9;2;True;True;2022-03-10T15:56:04+01:00;48.849268481958404,2.370458543300628;Paris;75112
2012;Choiseul - Quatre Septembre;True;44;5;39;21;18;True;True;2022-03-10T15:59:00+01:00;48.8699355331869,2.3359975218772893;Paris;75102
12112;Charenton - Jardiniers;True;31;28;3;1;2;True;True;2022-03-10T15:56:02+01:00;48.833821772922654,2.394692664106047;Paris;75112
16044;Porte de Saint Cloud - Parc des Princes;True;32;19;13;8;5;True;True;2022-03-10T15:57:25+01:00;48.83866275706582,2.2525164484977727;Paris;92012
11037;Faubourg Du Temple - Republique;True;38;23;13;9;4;True;True;2022-03-10T15:58:52+01:00;48.867872484748744,2.3648982158072323;Paris;75110
4015;Mairie du 4ème;True;44;3;39;35;4;True;True;2022-03-10T15:58:59+01:00;48.85594991049653,2.3563823103904724;Paris;75104
8028;Arsène Houssaye - Champs-Elysées;True;29;12;16;11;5;True;True;2022-03-10T15:58:45+01:00;48.87340927626732,2.2977904602885246;Paris;75108
12163;Hippodrome Paris-Vincennes;True;42;36;4;1;3;True;True;2022-03-10T15:53:48+01:00;48.82048387758518,2.446271181106568;Paris;75112
10006;Petites Ecuries - Faubourg Saint-Denis;True;28;5;21;18;3;True;True;2022-03-10T15:57:21+01:00;48.87287120589831,2.3542150855064397;Paris;75110
2004;Square Pierre Lazareff;True;17;2;15;9;6;True;True;2022-03-10T15:58:26+01:00;48.867141720745806,2.348393350839615;Paris;75102
10027;Dunkerque - Alsace;True;20;20;0;0;0;True;True;2022-03-10T15:58:55+01:00;48.879355,2.358379;Paris;75110
2016;Aboukir - Alexandrie;True;21;7;14;10;4;True;True;2022-03-10T15:55:17+01:00;48.86868344444473,2.3502043269474897;Paris;75102
20029;Frères Flavien - Porte des Lilas;True;23;23;0;0;0;True;True;2022-03-10T15:56:18+01:00;48.8780992764359,2.41104629853209;Paris;93045
33020;Waldeck Rochet - Germaine Tillon;True;31;5;24;15;9;True;True;2022-03-10T15:57:38+01:00;48.91105960199651,2.3676301538944244;Aubervilliers;93001
1102;Française - Etienne Marcel;True;37;1;35;25;10;True;True;2022-03-10T15:57:32+01:00;48.864053304653766,2.347587011754513;Paris;75101
31104;Mairie de Rosny-sous-Bois;True;30;7;23;5;18;True;True;2022-03-10T15:56:16+01:00;48.87125651901151,2.4865807592868805;Rosny-sous-Bois;93064
5122;Saint-Michel - Luxembourg;True;29;17;12;0;12;True;True;2022-03-10T15:57:04+01:00;48.84501507626001,2.339494116604328;Paris;75106
13038;Choisy - Malmaisons;True;25;24;1;0;1;True;True;2022-03-10T15:49:14+01:00;48.821919702956144,2.3633468834070914;Paris;75113
13017;Nationale - Vincent Auriol;True;33;29;4;2;2;True;True;2022-03-10T15:58:45+01:00;48.83252708397293,2.362354410392119;Paris;75113
4018;Saint-Bon - Rivoli;True;19;4;13;9;4;True;True;2022-03-10T15:58:13+01:00;48.857999643314926,2.350217280976349;Paris;75104
2002;Etienne Marcel - Montorgueil;True;28;5;22;19;3;True;True;2022-03-10T15:56:38+01:00;48.86450567259199,2.3461959511041637;Paris;75101
23101;Grande Rue - Europe;True;25;24;1;1;0;True;True;2022-03-10T15:49:42+01:00;48.8218104687602,2.205879874527455;Sèvres;92072
2005;Montmartre - Etienne Marcel;True;16;1;15;15;0;True;True;2022-03-10T15:57:34+01:00;48.865021945810085,2.345068440144759;Paris;75102
17106;Berthier - Porte de Clichy;True;24;18;6;6;0;True;True;2022-03-10T15:57:36+01:00;48.894222687781095,2.3125872006815977;Paris;75117
19129;Solitaires - Place des Fêtes;True;29;29;0;0;0;True;True;2022-03-10T15:53:02+01:00;48.876601,2.391769;Paris;75119
1116;Ventadour - Opéra;True;27;1;22;13;9;True;True;2022-03-10T15:58:38+01:00;48.866810653323,2.334388448251871;Paris;75101
3009;Temple - Haudriettes;True;19;3;16;16;0;True;True;2022-03-10T15:58:26+01:00;48.861636880211584,2.356696020645806;Paris;75103
12157;Fabre d'Eglantine - Place de la Nation;True;68;65;3;1;2;True;True;2022-03-10T15:59:05+01:00;48.8471116,2.3956204;Paris;75112
4014;Blancs-Manteaux - Archives;True;29;3;24;15;9;True;True;2022-03-10T15:58:54+01:00;48.859418007030406,2.355947121977806;Paris;75104
12164;Stade Pershing;True;26;13;13;8;5;True;True;2022-03-10T15:54:30+01:00;48.829107826857424,2.458353526890278;Paris;75112
26005;Hôtel de Ville d'Asnières sur Seine;True;30;22;8;4;4;True;True;2022-03-10T15:53:50+01:00;48.90999330025577,2.288238108158112;Asnières-sur-Seine;92004
1017;Saint-Honoré - 29 juillet;True;20;2;16;10;6;True;True;2022-03-10T15:58:15+01:00;48.86557114282421,2.330567417577153;Paris;75101
23702;Hôtel de Ville de Chaville;True;20;10;9;4;5;True;True;2022-03-10T15:59:06+01:00;48.80887149094033,2.188134044408798;Chaville;92022
48008;Guy Môquet - Parvis Georges Marchais;True;30;30;0;0;0;True;True;2022-03-10T15:54:33+01:00;48.79518840095975,2.35943466424942;Villejuif;94076
22306;Place du 17 Octobre;True;20;5;15;5;10;True;True;2022-03-10T15:58:50+01:00;48.91962690034779,2.2978286134199792;Gennevilliers;92036
10201;Magenta - Chabrol;True;24;8;16;6;10;True;True;2022-03-10T15:58:58+01:00;48.876495350882045,2.3560990020632744;Paris;75110
19012;Lally-Tollendal - Armand Carrel;True;28;27;0;0;0;True;True;2022-03-10T15:58:56+01:00;48.88270066221072,2.374717555940151;Paris;75119
5003;Le Goff - Gay-Lussac;True;35;11;24;0;24;True;True;2022-03-10T15:58:14+01:00;48.8461024009786,2.3412207886576653;Paris;75105
22502;Kléber - National;True;20;12;8;2;6;True;True;2022-03-10T15:53:08+01:00;48.906333898712234,2.2393910586833954;La Garenne-Colombes;92035
6007;Bréa - Raspail;True;24;23;1;0;1;True;True;2022-03-10T15:55:16+01:00;48.842738478257814,2.329794221763396;Paris;75106
3006;Mairie du 3ème;True;32;0;28;26;2;True;True;2022-03-10T15:57:27+01:00;48.86446178139141,2.361762821674347;Paris;75103
16139;Suresnes - Muette à Neuilly;True;30;21;8;6;2;True;True;2022-03-10T15:58:09+01:00;48.86857040434825,2.266000919044018;Paris;75116
18136;Poulet - Barbès;True;20;17;2;0;2;True;True;2022-03-10T15:57:17+01:00;48.887148,2.349064;Paris;75118
1013;Place du Palais Royal;True;67;7;59;40;19;True;True;2022-03-10T15:58:45+01:00;48.862382970646635,2.33848225325346;Paris;75101
22504;Château - République;True;20;13;7;4;3;True;True;2022-03-10T15:54:35+01:00;48.905928,2.253629;La Garenne-Colombes;92035
22603;Place de la Division Leclerc;True;35;22;11;5;6;True;True;2022-03-10T15:54:10+01:00;48.793824988636516,2.2731140430551027;Fontenay-aux-Roses;92032
4007;Place de la Bastille - Bourdon;True;35;2;31;20;11;True;True;2022-03-10T15:58:30+01:00;48.852364355271085,2.368108928203583;Paris;75104
12113;Cardinal Lavigerie;True;46;40;5;3;2;True;True;2022-03-10T15:58:25+01:00;48.832934193699835,2.402636749399156;Paris;75112
9111;Victoire - Laffitte;True;20;7;13;7;6;True;True;2022-03-10T15:55:58+01:00;48.87514373494672,2.338118505144376;Paris;75109
21119;Belfort - Victor Hugo;True;24;1;21;19;2;True;True;2022-03-10T15:58:55+01:00;48.9018492,2.3172724;Clichy;92024
1014;Rivoli - Musée du Louvre;True;24;1;22;11;11;True;True;2022-03-10T15:58:57+01:00;48.86364636851945,2.33409583568573;Paris;75101
16010;Belles Feuilles - Place de Mexico;True;23;19;4;2;2;True;True;2022-03-10T15:59:05+01:00;48.86580474647378,2.282920628786087;Paris;75116
42211;Séminaire de Conflans - Liberté;True;26;11;15;1;14;True;True;2022-03-10T15:56:25+01:00;48.823194,2.404179;Charenton-le-Pont;94018
23042;André Theuriet - Blagis;True;30;24;6;5;1;True;True;2022-03-10T15:58:00+01:00;48.77977325745441,2.3130525648593903;Bourg-la-Reine;92014
21215;Verdier - Jean Jaurès;True;33;19;14;8;6;True;True;2022-03-10T15:58:52+01:00;48.81614048711214,2.3123561963438988;Montrouge;92049
32020;Jules Guesdes - Carnot;True;16;8;8;7;1;True;True;2022-03-10T15:59:09+01:00;48.93828169931872,2.3508992046117783;Saint-Denis;93066
42704;Mairie du Kremlin-Bicêtre;True;25;24;1;1;0;True;True;2022-03-10T15:57:29+01:00;48.81191981537702,2.3570189997553825;Le Kremlin-Bicêtre;94043
19046;Porte de Pantin.;True;33;33;0;0;0;True;True;2022-03-10T15:53:32+01:00;48.889199725577164,2.3950181901454926;Paris;75119
4101;Bastille - Beaumarchais;True;23;2;20;18;2;True;True;2022-03-10T15:58:43+01:00;48.85383346385182,2.3685702681541443;Paris;75104
1024;Coquillière - Louvre;True;21;0;20;14;6;True;True;2022-03-10T15:58:57+01:00;48.86379590966231,2.3425736278295517;Paris;75101
4017;Place de l'Hôtel de Ville;True;14;0;10;3;7;True;True;2022-03-10T15:58:57+01:00;48.8573314,2.351458;Paris;75104
44004;Place de l'Eglise - Vitry-sur-Seine;True;28;8;20;19;1;True;True;2022-03-10T15:58:34+01:00;48.791922819921815,2.395057752728462;Vitry-sur-Seine;94081
4012;Tiron - Rivoli;True;28;16;9;9;0;True;True;2022-03-10T15:58:08+01:00;48.85569225323279,2.357905805110932;Paris;75104
20010;Sorbier - Gasnier-Guy;True;34;30;4;1;3;True;True;2022-03-10T15:50:31+01:00;48.86521763101122,2.39365965127945;Paris;75120
10041;Gare du Nord - La Chapelle;True;18;15;3;1;2;True;True;2022-03-10T15:57:33+01:00;48.884178287285735,2.3561057075858116;Paris;75118
19118;Simon Bolivar - Henri Turot;True;22;20;0;0;0;True;True;2022-03-10T15:52:59+01:00;48.876887,2.374454;Paris;75119
26006;Bas - Gabriel Péri;True;30;15;15;4;11;True;True;2022-03-10T15:56:09+01:00;48.91585580539625,2.2948095202445984;Asnières-sur-Seine;92004
21011;Silly - Louis Blériot;True;23;14;9;5;4;True;True;2022-03-10T15:54:18+01:00;48.83219045374266,2.2340199351310734;Boulogne-Billancourt;92012
44001;Quai Jules Guesde - Saint-Simon;True;30;1;29;20;9;True;True;2022-03-10T15:57:06+01:00;48.80391487218989,2.408966162027371;Vitry-sur-Seine;94081
23301;Les Blagis;True;27;20;6;3;3;True;True;2022-03-10T15:58:56+01:00;48.785205,2.302526;Sceaux;92071
21509;Gardenat Lapostol - Franklin Roosevelt;True;24;24;0;0;0;True;True;2022-03-10T15:55:31+01:00;48.871839,2.222505;Suresnes;92073
44008;Youri Gagarine - Commune de Paris;True;33;19;14;14;0;True;True;2022-03-10T15:58:21+01:00;48.78242746304141,2.3939734697341923;Vitry-sur-Seine;94081
3002;Saint-Gilles - Turenne;True;18;5;10;7;3;True;True;2022-03-10T15:59:01+01:00;48.85815895677863,2.364714992099186;Paris;75103
34013;Blanqui - Docteur Bauer;True;28;17;10;7;3;True;True;2022-03-10T15:58:39+01:00;48.90773548908503,2.3407192814591364;Saint-Ouen-sur-Seine;93070
19111;Cesaria Evora - Rosa Parks;True;40;34;5;4;1;True;True;2022-03-10T15:58:48+01:00;48.89717672825043,2.3745173960924144;Paris;75119
48012;Stalingrad - Henri Luisette;True;26;26;0;0;0;True;True;2022-03-10T15:49:44+01:00;48.78363092456589,2.366935946761926;Villejuif;94076
3004;Place de la République - Temple;True;18;7;10;6;4;True;True;2022-03-10T15:56:22+01:00;48.86721120185892,2.363546437054538;Paris;75103
23303;Gare de Robinson;True;30;21;9;3;6;True;True;2022-03-10T15:54:47+01:00;48.7799259211605,2.281828634440899;Sceaux;92071
1012;Jean-Jacques Rousseau - Deux Ecus;True;22;5;17;9;8;True;True;2022-03-10T15:58:58+01:00;48.86297805972131,2.3414635285735126;Paris;75101
2022;Saint-Fiacre - Poissonière;True;35;2;33;15;18;True;True;2022-03-10T15:58:25+01:00;48.87082891155797,2.3459213599562645;Paris;75102
19130;Place Paul Delouvrier;True;26;23;3;2;1;True;True;2022-03-10T15:57:52+01:00;48.89197621431365,2.3851288855075836;Paris;75119
45004;République - Louis Loucheur;True;37;5;32;19;13;True;True;2022-03-10T15:57:06+01:00;48.823549261189,2.5101865455508;Champigny-sur-Marne;94017
35012;Candale - Mehul;True;25;16;8;4;4;True;True;2022-03-10T15:56:49+01:00;48.8893935006175,2.414379715919495;Pantin;93055
23202;Henri Barbusse - Gabriel Péri;True;27;12;13;13;0;True;True;2022-03-10T09:49:29+01:00;48.80177379583565,2.2874166362216375;Châtillon;92020
18015;Custine - Ramey;True;41;39;2;0;2;True;True;2022-03-10T15:55:42+01:00;48.888735896947054,2.3469526693224907;Paris;75118
13051;Halle Freyssinet - Parvis Alan Turing;True;23;0;23;14;9;True;True;2022-03-10T15:59:02+01:00;48.832846814471,2.3711421713233;Paris;75113
21505;Édouard Vaillant - Place Jean Jaurès;True;24;22;2;0;2;True;True;2022-03-10T15:53:18+01:00;48.86265537999924,2.2089037319128613;Suresnes;92073
10202;Bichat - Grange aux Belles;True;30;24;5;3;2;True;True;2022-03-10T15:56:18+01:00;48.873688,2.365015;Paris;75110
1025;Oratoire - Rivoli;True;18;7;11;7;4;True;True;2022-03-10T15:56:51+01:00;48.861342760889265,2.3400047421455388;Paris;75101
23703;Gare de Chaville Rive Gauche;True;18;9;9;0;9;True;True;2022-03-10T15:53:13+01:00;48.80516030434533,2.188277207314968;Chaville;92022
9039;Chaussée d'Antin - Haussmann;True;28;4;24;17;7;True;True;2022-03-10T15:58:31+01:00;48.87243,2.33359;Paris;75109
5027;Gobelins - Port-Royal;True;40;36;3;0;3;True;True;2022-03-10T15:58:40+01:00;48.83713590026284,2.3515201359987254;Paris;75105
22506;Gare des Vallées;True;20;6;14;6;8;True;True;2022-03-10T15:51:07+01:00;48.913179,2.257726;La Garenne-Colombes;92009
20142;Mûriers - Père Lachaise;True;20;20;0;0;0;True;True;2022-03-10T15:49:22+01:00;48.864130509668044,2.39164982067019;Paris;75120
13054;Pau Casals - Neuve Tolbiac;True;53;3;50;31;19;True;True;2022-03-10T15:58:46+01:00;48.8311602,2.3774395;Paris;75113
8104;Chateaubriand - Friedland;True;0;0;0;0;0;False;False;2021-09-24T20:54:27+02:00;48.8740144756374,2.29991625786582;Paris;75108
2008;Mairie du 2ème;True;28;4;24;18;6;True;True;2022-03-10T15:58:13+01:00;48.8672190355135,2.3404625437747044;Paris;75102
42024;Danielle Casanova - Ledru-Rollin;True;28;25;3;1;2;True;True;2022-03-10T15:56:40+01:00;48.815783497876815,2.383259721100331;Ivry-sur-Seine;94041
32019;Place du 8 mai 1945;True;30;8;21;11;10;True;True;2022-03-10T15:54:33+01:00;48.938882272105374,2.3566243797540665;Saint-Denis;93066
21704;Place du Maréchal de Lattre de Tassigny;True;27;19;8;6;2;True;True;2022-03-10T15:57:29+01:00;48.821707715257055,2.2853431485432423;Vanves;92075
1026;Place du Lieutenant Henri Karcher;True;30;1;28;13;15;True;True;2022-03-10T15:55:41+01:00;48.863490871724466,2.3400671035051346;Paris;75101
19121;Belleville -  Pré Saint-Gervais;True;21;20;1;0;1;True;True;2022-03-10T15:54:16+01:00;48.875565910073085,2.3930460959672923;Paris;75119
2009;Filles Saint-Thomas - Place de la Bourse;True;58;11;47;29;18;True;True;2022-03-10T15:58:43+01:00;48.86889989085307,2.3397543845203477;Paris;75102
34011;Clef des Champs - Albert Dhalenne;True;28;6;20;9;11;True;True;2022-03-10T15:58:42+01:00;48.914938,2.330665;Saint-Ouen-sur-Seine;93070
1018;Alger - Rivoli;True;21;1;20;10;10;True;True;2022-03-10T15:57:21+01:00;48.86477355349535,2.329449393612793;Paris;75101
24101;Place Charles de Gaulle;True;24;21;2;0;2;True;True;2022-03-10T15:51:00+01:00;48.82654572003984,2.189258873608822;Ville-d'Avray;92077
27001;Square Victor Basch;True;20;10;9;8;1;True;True;2022-03-10T15:51:58+01:00;48.91430486226092,2.2289156913757324;Colombes;92025
51008;Martyrs de Châteaubriant - Jean Grandel;False;0;0;0;0;0;False;False;2019-09-06T13:33:04+02:00;48.951432,2.211214;Argenteuil;95018
15040;Saint-Amand - Labrouste;True;36;30;5;5;0;True;True;2022-03-10T15:53:43+01:00;48.834097274832295,2.3087677359581;Paris;75115
12123;Château de Vincennes;True;52;45;6;2;4;True;True;2022-03-10T15:58:53+01:00;48.84423193255657,2.439209537709179;Paris;94080
14134;Château - Place de Catalogne;True;33;27;6;2;4;True;True;2022-03-10T15:49:59+01:00;48.836805542262134,2.3185293003916745;Paris;75114
21002;Place Denfert-Rochereau;True;20;19;1;0;1;True;True;2022-03-10T15:58:34+01:00;48.843252536286684,2.245987951755524;Boulogne-Billancourt;92012
17021;Jouffroy d'Abbans - Villiers;True;34;32;1;1;0;True;True;2022-03-10T15:58:44+01:00;48.88421554703737,2.3056533560156827;Paris;75117
8018;Saint-Augustin;True;31;3;26;17;9;True;True;2022-03-10T15:58:56+01:00;48.8762009747008,2.319786250591278;Paris;75108
6026;Saint-Placide - Cherche Midi;True;66;4;62;61;1;True;True;2022-03-10T15:58:08+01:00;48.8490535919234,2.325317971408367;Paris;75106
24004;Paix - Verdun;True;35;14;17;16;1;True;True;2022-03-10T15:54:51+01:00;48.900504,2.261173;Courbevoie;92026
22601;Marx Dormoy - Château Sainte-Barbe;True;22;12;7;1;6;True;True;2022-03-10T15:49:23+01:00;48.791782341055324,2.297856844961643;Fontenay-aux-Roses;92032
13015;Chevaleret - Louise Weiss;True;35;6;29;22;7;True;True;2022-03-10T15:58:41+01:00;48.83258651335057,2.371211388119954;Paris;75113
42018;Amédée Huon - Fort d'Ivry;True;31;30;1;1;0;True;True;2022-03-10T15:55:29+01:00;48.805131376899986,2.388489693403244;Ivry-sur-Seine;94041
8040;Pierre Charron - Champs-Elysées;True;32;7;23;8;15;True;True;2022-03-10T15:58:08+01:00;48.870103359864174,2.3043501377105713;Paris;75108
1023;Saint-Honoré - Musée du Louvre;True;22;8;13;10;3;True;True;2022-03-10T15:58:14+01:00;48.86344313284792,2.3348781846405102;Paris;75101
19006;Mathis - Flandre;True;55;49;4;1;3;True;True;2022-03-10T15:56:27+01:00;48.8906429898976,2.3762554675340652;Paris;75119
28005;Jean Jaurès - Paul Lafargue;True;28;9;18;12;6;True;True;2022-03-10T15:57:06+01:00;48.88493317766629,2.248448878526687;Puteaux;92062
13024;Bobillot - Tolbiac;True;33;33;0;0;0;True;True;2022-03-10T15:56:06+01:00;48.8255961335041,2.350204177200794;Paris;75113
3007;Archives - Pastourelle;True;28;9;15;14;1;True;True;2022-03-10T15:59:04+01:00;48.8623615,2.3595041;Paris;75103
13006;Duméril - Jeanne d'Arc;True;40;27;11;10;1;True;True;2022-03-10T15:56:51+01:00;48.83815160808658,2.357108449556404;Paris;75113
31020;Résistance - Parmentier;True;35;33;2;0;2;True;True;2022-03-10T15:56:44+01:00;48.85965138131299,2.436705082654953;Montreuil;93048
12119;Dom-Pérignon - Gravelle;True;50;42;7;3;4;True;True;2022-03-10T15:57:29+01:00;48.82548157443457,2.4098803102970128;Paris;94018
35005;Quai de l'Aisne - Général Leclerc;True;27;20;7;3;4;True;True;2022-03-10T15:57:14+01:00;48.895713,2.400571;Pantin;93055
18016;Francoeur - Caulaincourt;True;34;31;3;0;3;True;True;2022-03-10T15:53:44+01:00;48.8899944409612,2.342529706656933;Paris;75118
18112;Arthur Ranc - Hôpital Bichat;True;26;11;14;12;2;True;True;2022-03-10T15:55:19+01:00;48.8978712500682,2.333521842956543;Paris;75118
19117;Euryale Dehaynin - Loire;True;30;29;1;1;0;True;True;2022-03-10T15:59:05+01:00;48.886248917304805,2.3774591088294987;Paris;75119
48007;Parc Départemental des Hautes-Bruyères;True;30;23;7;3;4;True;True;2022-03-10T15:54:53+01:00;48.793457901398945,2.3509012162685394;Villejuif;94076
34010;Hôtel de Ville de Saint-Ouen;True;48;6;41;33;8;True;True;2022-03-10T15:57:02+01:00;48.91138018578648,2.334007680760051;Saint-Ouen-sur-Seine;93070
27006;Victor Hugo - Gare;True;22;9;13;7;6;True;True;2022-03-10T15:56:56+01:00;48.92313395265796,2.2600970417261124;Colombes;92025
15053;Lecourbe - Convention;True;46;39;7;6;1;True;True;2022-03-10T15:59:02+01:00;48.83923319241899,2.2915197908878326;Paris;75115
42028;Verdun - Carnot;True;28;27;1;0;1;True;True;2022-03-10T15:57:47+01:00;48.808439376064946,2.373795211315155;Ivry-sur-Seine;94041
10003;Hauteville - Bonne Nouvelle;True;17;7;10;8;2;True;True;2022-03-10T15:59:04+01:00;48.87077436024043,2.349649636832728;Paris;75110
12166;Parc Floral du Bel Air;True;25;18;5;4;1;True;True;2022-03-10T15:59:02+01:00;48.839285711865735,2.438560165464878;Paris;75112
9025;Taitbout - Châteaudun;True;39;5;34;18;16;True;True;2022-03-10T15:57:54+01:00;48.876383969379,2.335356677933531;Paris;75109
42004;Westermeyer - Paul Vaillant-Couturier;True;25;8;26;14;12;True;True;2022-03-10T15:57:16+01:00;48.819116181578764,2.3966637253761296;Ivry-sur-Seine;94041
15041;Franquet - Labrouste;True;37;36;1;1;0;True;True;2022-03-10T15:53:28+01:00;48.83287705011431,2.306762784719467;Paris;75115
2102;Saint-Marc - Feydeau;True;37;5;30;14;16;True;True;2022-03-10T15:58:11+01:00;48.870310661421705,2.341979183256626;Paris;75102
11014;Place de la Nation - Taillebourg;True;47;42;5;0;5;True;True;2022-03-10T15:55:48+01:00;48.8488408,2.3973043;Paris;75111
2006;Place des Victoires;True;24;5;17;3;14;True;True;2022-03-10T15:58:59+01:00;48.8660354,2.3420333;Paris;75102
13036;Olympiades;True;36;34;2;2;0;True;True;2022-03-10T15:54:54+01:00;48.82676466519947,2.365086078643799;Paris;75113
9019;Victor Massé - Jean-Baptiste Pigalle;True;18;18;0;0;0;True;True;2022-03-10T15:56:30+01:00;48.88110437240003,2.3366955667734146;Paris;75109
42303;Place Eustache Deschamps;True;20;12;8;7;1;True;True;2022-03-10T15:55:55+01:00;48.793855,2.336637;Cachan;94016
1015;Place André Malraux;True;19;18;0;0;0;False;False;2022-02-06T23:10:33+01:00;48.86392515872666,2.3356226831674576;Paris;75101
20012;Buzenval - Vignoles;True;17;16;1;0;1;True;True;2022-03-10T15:51:37+01:00;48.85385817168762,2.400004081428051;Paris;75120
42019;Lampes;True;43;5;38;30;8;True;True;2022-03-10T15:58:04+01:00;48.81152481985875,2.4017931148409843;Ivry-sur-Seine;94041
13120;Pierre Joseph Desault;True;19;9;7;5;2;True;True;2022-03-10T15:57:45+01:00;48.82110230800372,2.378775402903557;Paris;94041
2109;Réaumur - Montmartre;True;19;7;12;8;4;True;True;2022-03-10T15:57:42+01:00;48.86823099975891,2.343826033887573;Paris;75102
35013;Guillaume Tell - Parc Henri Barbusse;True;20;19;1;1;0;True;True;2022-03-10T15:56:19+01:00;48.88958925894009,2.4198862910270695;Pantin;93055
2020;Danielle Casanova - Opéra;True;20;2;14;12;2;True;True;2022-03-10T15:55:55+01:00;48.867643242297284,2.3333894088864326;Paris;75101
20020;Pyrénées - Charles Renouvier;True;29;27;2;0;2;True;True;2022-03-10T15:50:41+01:00;48.86095933229224,2.400421852042113;Paris;75120
1008;Les Halles - Saint-Eustache;True;32;0;32;27;5;True;True;2022-03-10T15:58:57+01:00;48.86362695901683,2.342623919248581;Paris;75101
14035;Maine - Jean Zay;True;50;47;3;0;3;True;True;2022-03-10T15:54:56+01:00;48.837925263897674,2.3225428909063344;Paris;75114
12016;Saint-Mande - Picpus;True;35;32;3;3;0;True;True;2022-03-10T15:56:02+01:00;48.845127728277696,2.4015686296481897;Paris;75112
15050;Dominique Pado - Croix Nivert;True;22;18;3;1;2;True;True;2022-03-10T15:56:36+01:00;48.83648798164934,2.2897250577807426;Paris;75115
10166;Strasbourg - Saint-Denis;True;16;3;12;7;5;True;True;2022-03-10T15:58:40+01:00;48.86960164243346,2.35429085791111;Paris;75110
16025;Jean de la Fontaine - Boulainvilliers;True;68;43;24;22;2;True;True;2022-03-10T15:58:58+01:00;48.85264791461651,2.2758664190769196;Paris;75116
23103;Manufacture Nationale;True;28;28;0;0;0;False;False;2021-02-28T15:26:50+01:00;48.828785140979505,2.2237222641706467;Sèvres;92072
6025;Assas - Rennes;True;32;10;21;10;11;True;True;2022-03-10T15:59:08+01:00;48.8492084999386,2.32851454623001;Paris;75106
42210;Victor Hugo - Paul Eluard;True;32;14;18;12;6;True;True;2022-03-10T15:52:03+01:00;48.819602554906844,2.4114319673050937;Charenton-le-Pont;94018
14009;Tombe Issoire - René Coty;True;36;30;3;0;3;True;True;2022-03-10T15:58:32+01:00;48.83051287670899,2.3343613743782043;Paris;75114
20140;Paganini - Davout;True;22;21;1;0;1;True;True;2022-03-10T15:50:10+01:00;48.85135,2.412021;Paris;75120
16116;George Sand - Jean de La Fontaine;True;29;21;8;3;5;True;True;2022-03-10T15:53:32+01:00;48.84986918764119,2.268257387525699;Paris;75116
20048;Bagnolet - Place Saint-Blaise;True;28;25;3;1;2;True;True;2022-03-10T15:54:34+01:00;48.85973,2.40334;Paris;75120
15045;Porte de la Plaine;True;35;31;4;1;3;True;True;2022-03-10T15:53:12+01:00;48.82805169605981,2.2924277186393742;Paris;75115
42022;Gare RER - Maurice Grandcoing;True;37;11;26;22;4;True;True;2022-03-10T15:58:48+01:00;48.813881,2.392429;Ivry-sur-Seine;94041
25004;Marcel Pourtout - Édouard Manet;True;24;6;18;11;7;True;True;2022-03-10T15:59:09+01:00;48.87555620763429,2.1655967831611638;Rueil-Malmaison;92063
17020;Jouffroy d'Abbans - Malesherbes;True;27;23;3;1;2;True;True;2022-03-10T15:58:55+01:00;48.8850134,2.3070717;Paris;75117
12022;Sahel - Général Michel Bizot;True;33;31;2;2;0;True;True;2022-03-10T15:55:45+01:00;48.840872964793355,2.4044444784522057;Paris;75112
4005;Quai des Célestins - Henri IV;True;14;2;22;19;3;True;True;2022-03-10T15:59:01+01:00;48.8512971,2.3624535;Paris;75104
14005;René Coty - Place Denfert-Rochereau;True;36;30;6;3;3;True;True;2022-03-10T15:56:55+01:00;48.83305647731638,2.332941144704819;Paris;75114
23206;Béranger - Félix Faure;True;28;23;5;5;0;True;True;2022-03-10T15:50:12+01:00;48.80404828621485,2.2848263373723436;Châtillon;92020
21021;Enfants du Paradis - Peupliers;True;40;6;33;10;23;True;True;2022-03-10T15:58:46+01:00;48.83312268645377,2.2571459412574773;Boulogne-Billancourt;92012
13049;Vincent Auriol - Louise Weiss;True;22;3;19;11;8;True;True;2022-03-10T15:55:33+01:00;48.834001935501,2.3703888058662;Paris;75113
31105;Lavoisier - Missak Manouchian;True;18;14;4;3;1;True;True;2022-03-10T15:55:26+01:00;48.86286468896063,2.495676465332508;Rosny-sous-Bois;93064
6015;André Mazet - Saint-André des Arts;True;55;0;54;50;4;True;True;2022-03-10T15:58:53+01:00;48.85375581057431,2.3390958085656166;Paris;75106
31701;Mairie de Bagnolet;True;28;25;1;1;0;True;True;2022-03-10T15:53:45+01:00;48.868421318555306,2.417958788573742;Bagnolet;93006
25007;Bons Raisins - Voltaire;True;24;24;0;0;0;True;True;2022-03-10T15:51:59+01:00;48.87282451461399,2.1947155570850896;Rueil-Malmaison;92063
17006;Guy Môquet - Compoint;True;36;32;3;0;3;True;True;2022-03-10T15:58:56+01:00;48.89213559044868,2.32321947813034;Paris;75117
18135;Ney - Porte de Montmartre;True;24;19;4;3;1;True;True;2022-03-10T15:56:06+01:00;48.897918,2.3364872;Paris;75118
18101;Championnet.;True;22;19;2;0;2;True;True;2022-03-10T15:54:40+01:00;48.8953643,2.3498166;Paris;75118
19114;Manin - Secrétan;True;20;19;1;0;1;True;True;2022-03-10T15:58:23+01:00;48.8791665,2.3787959;Paris;75119
11029;Ménilmontant - Oberkampf;True;40;36;3;0;3;True;True;2022-03-10T15:58:36+01:00;48.8666176586814,2.38301344041578;Paris;75120
20003;Pyrénées - Cours de Vincennes;True;21;20;1;0;1;True;True;2022-03-10T15:58:07+01:00;48.84779677993506,2.406172156333924;Paris;75120
20005;Reynaldo Hahn - Lagny;True;19;17;1;0;1;True;True;2022-03-10T15:54:36+01:00;48.849266043601794,2.412330328844772;Paris;75120
23041;Général Leclerc - Bièvre;True;25;16;9;8;1;True;True;2022-03-10T15:51:56+01:00;48.782414428747316,2.3166695237159733;Bourg-la-Reine;92014
10031;Louis Blanc - Aqueduc;True;37;32;2;1;1;True;True;2022-03-10T15:57:27+01:00;48.88203018259946,2.3635615780949593;Paris;75110
13116;Place du Docteur Yersin;True;50;42;7;2;5;True;True;2022-03-10T15:58:08+01:00;48.82010494991975,2.3725583776831627;Paris;75113
12122;Bois de Vincennes - Polygone;True;51;32;18;9;9;True;True;2022-03-10T15:51:26+01:00;48.83544491617421,2.431421081436563;Paris;75112
15069;Félix Faure - Convention;True;44;11;29;25;4;True;True;2022-03-10T15:58:38+01:00;48.841249336041045,2.288386600849503;Paris;75115
11028;Guillaume Bertrand - République;True;38;34;3;1;2;True;True;2022-03-10T15:58:34+01:00;48.86382517434147,2.38090637715497;Paris;75111
8052;Balzac - Champs Elysées;True;30;1;29;7;22;True;True;2022-03-10T15:57:19+01:00;48.87269963962128,2.3001953959465027;Paris;75108
13055;M.- A. Lagroua Weill-Hallé -  F. Dolto;True;60;15;41;19;22;True;True;2022-03-10T15:58:49+01:00;48.828595283857425,2.380220606266108;Paris;75113
11111;Léon Frot - Charonne;True;19;13;5;0;5;True;True;2022-03-10T15:57:04+01:00;48.854963800335234,2.387217085372007;Paris;75111
15014;Volontaires - Vaugirard;True;34;31;2;2;0;True;True;2022-03-10T15:58:04+01:00;48.84132050184004,2.30808901725357;Paris;75115
48006;Maxime Gorki - Paul Vaillant-Couturier;True;20;20;0;0;0;True;True;2022-03-10T15:56:31+01:00;48.79673508795443,2.3683342337608337;Villejuif;94076
15114;Pasteur - Cotentin;True;33;30;3;1;2;True;True;2022-03-10T15:59:08+01:00;48.8389284,2.316356;Paris;75115
15012;Cambronne - Mademoiselle;True;67;53;14;7;7;True;True;2022-03-10T15:57:29+01:00;48.843277330035214,2.30230766886348;Paris;75115
22014;Victor Hugo - Bineau;True;25;11;11;7;4;True;True;2022-03-10T15:58:45+01:00;48.88758225888669,2.2783890366554265;Neuilly-sur-Seine;92051
15024;Suffren - La Motte-Piquet;True;23;9;14;12;2;True;True;2022-03-10T15:58:44+01:00;48.85088123091874,2.301219999790192;Paris;75115
6004;Regard - Rennes;True;46;36;10;7;3;True;True;2022-03-10T15:55:57+01:00;48.847385404955965,2.3268555477261543;Paris;75106
21302;Aristide Briand - Place de la Résistance;True;25;6;19;15;4;True;True;2022-03-10T15:54:22+01:00;48.82124248401006,2.2511002421379094;Issy-les-Moulineaux;92040
12040;Porte de Charenton;True;67;63;3;3;0;True;True;2022-03-10T15:55:33+01:00;48.83124010585643,2.3989107459783554;Paris;75112
21022;Dôme - République;True;25;13;12;10;2;True;True;2022-03-10T15:58:35+01:00;48.832681,2.250257;Boulogne-Billancourt;92012
18018;Carpeaux - Place Jacques Froment;True;19;16;2;1;1;True;True;2022-03-10T15:58:23+01:00;48.8906542,2.3309428;Paris;75118
18010;Riquet - Marx Dormoy;True;29;26;1;0;1;True;True;2022-03-10T15:57:43+01:00;48.89021003702031,2.3601756244897842;Paris;75118
16022;Jean Bologne - Passy;True;19;16;3;0;3;True;True;2022-03-10T15:53:32+01:00;48.857566889784465,2.280027395306772;Paris;75116
11022;Roquette - Auguste Laurent;True;16;10;5;1;4;True;True;2022-03-10T15:55:39+01:00;48.858001906023354,2.381797702650783;Paris;75111
6005;Montparnasse -  Square Ozanam;True;49;34;15;10;5;True;True;2022-03-10T15:53:57+01:00;48.84331056782166,2.326524294912815;Paris;75106
41103;Place de la vache noire;True;25;18;5;1;4;True;True;2022-03-10T15:56:24+01:00;48.81040517059777,2.327060401439667;Arcueil;94003
21007;Rond-Point Rhin et Danube;True;53;22;28;28;0;True;True;2022-03-10T15:58:34+01:00;48.840452820991764,2.2280225157737736;Boulogne-Billancourt;92012
41602;Place Charles Digeon;True;32;29;3;0;3;True;True;2022-03-10T15:56:30+01:00;48.84354203133597,2.418427169322968;Saint-Mandé;94067
19007;Flandre - Ourcq;True;30;26;3;1;2;True;True;2022-03-10T15:57:47+01:00;48.89260159189023,2.3790915682911873;Paris;75119
13028;Gouthière - Poterne des Peupliers;True;33;32;1;0;1;True;True;2022-03-10T15:54:48+01:00;48.820507,2.351342;Paris;75113
21016;Point du Jour - Jean Jaurès;True;26;18;8;4;4;True;True;2022-03-10T15:51:07+01:00;48.828753141436465,2.245911467014621;Boulogne-Billancourt;92012
14027;Gergovie - Alésia;True;36;34;1;0;1;True;True;2022-03-10T15:58:33+01:00;48.83088717455243,2.318882101207347;Paris;75114
6020;Place Saint-André des Arts;True;37;11;25;15;10;True;True;2022-03-10T15:57:43+01:00;48.85288617388103,2.3426544293761253;Paris;75106
20110;Gambetta - Tourelles;True;20;19;1;0;1;True;True;2022-03-10T15:58:18+01:00;48.87533790226418,2.4059921130537987;Paris;75120
19123;Metz - Marne;True;33;20;11;3;8;True;True;2022-03-10T15:57:53+01:00;48.891163,2.3865705;Paris;75119
48002;LCL Campus - Place Oscar Niemeyer;True;37;34;3;0;3;True;True;2022-03-10T15:58:33+01:00;48.805342480621576,2.363983690738678;Villejuif;94076
21107;Bertrand Sincholle - Henri Barbusse;True;23;16;7;4;3;True;True;2022-03-10T15:56:38+01:00;48.89925982394349,2.3042294383049016;Clichy;92024
41605;Général De Gaulle - Vivien;True;22;19;2;1;1;True;True;2022-03-10T15:49:36+01:00;48.83607420090204,2.4189166724681854;Saint-Mandé;94067
16104;Paul Valery - Victor Hugo;True;35;33;2;0;2;True;True;2022-03-10T15:58:37+01:00;48.87137406080164,2.2887128591537476;Paris;75116
19119;Edouard Pailleron - Bouret;True;27;22;5;1;4;True;True;2022-03-10T15:56:10+01:00;48.880597694070524,2.3769494891166687;Paris;75119
12039;Général Michel Bizot - Claude Decaen;True;38;27;11;2;9;True;True;2022-03-10T15:58:30+01:00;48.83481262982544,2.400927788127704;Paris;75112
12008;Hector Malot - Daumesnil;True;54;25;27;21;6;True;True;2022-03-10T15:58:58+01:00;48.84693552991762,2.3770876228809357;Paris;75112
8039;Colisée - Champs-Elysées;True;24;1;23;11;12;True;True;2022-03-10T15:58:48+01:00;48.87047539938743,2.3076190799474716;Paris;75108
12102;Bercy - Traversiére;True;30;3;26;24;2;True;True;2022-03-10T15:57:21+01:00;48.846192642574,2.3703800886869;Paris;75112
6009;Guynemer - Jardin du Luxembourg;True;36;28;7;4;3;True;True;2022-03-10T15:58:50+01:00;48.8466127,2.3325478;Paris;75106
24005;Edith Cavell - Volta;True;33;27;3;1;2;True;True;2022-03-10T15:57:52+01:00;48.901616564286975,2.269354350864887;Courbevoie;92026
17036;Place Tristan Bernard;True;28;25;3;1;2;True;True;2022-03-10T15:56:19+01:00;48.8791964,2.2915403;Paris;75117
43007;Hôtel de Ville de Vincennes;True;27;24;3;0;3;True;True;2022-03-10T15:55:30+01:00;48.84827609706963,2.4398955702781677;Vincennes;94080
10001;René Boulanger - Lancry;True;62;50;12;4;8;True;True;2022-03-10T15:58:29+01:00;48.8685433,2.3600032;Paris;75110
14004;Port Royal - Hôpital Cochin;True;23;19;3;0;3;True;True;2022-03-10T15:57:32+01:00;48.838373233813286,2.340717874467373;Paris;75114
44009;Gare RER les Ardoines;False;49;49;0;0;0;False;False;2019-05-17T09:28:29+02:00;48.78385636346727,2.407909371747126;Vitry-sur-Seine;94081
20032;Square des Amandiers;True;12;9;3;1;2;True;True;2022-03-10T15:52:25+01:00;48.86615630668046,2.3891324177384377;Paris;75120
19018;Cité de la Musique;True;60;55;5;1;4;True;True;2022-03-10T15:55:32+01:00;48.888796556487385,2.3925811931922163;Paris;75119
16017;Siam - La Pompe;True;16;14;2;2;0;True;True;2022-03-10T15:57:52+01:00;48.861720329027264,2.275346568555312;Paris;75116
8031;Jean Mermoz - Champs-Elysées;True;33;2;30;26;4;True;True;2022-03-10T15:58:08+01:00;48.869689856852,2.3107324540615;Paris;75108
18021;Marcadet - Ramey;True;21;20;1;1;0;True;True;2022-03-10T15:56:09+01:00;48.890875,2.3449019;Paris;75118
21508;Georges Pompidou - Verdun;True;26;20;4;4;0;True;True;2022-03-10T15:57:31+01:00;48.875481,2.232443;Suresnes;92073
20013;Alexandre Dumas - Place de la Réunion;True;45;40;5;0;5;True;True;2022-03-10T15:58:46+01:00;48.85533710742046,2.3997703687646292;Paris;75120
7007;Musée d'Orsay;True;65;22;43;23;20;True;True;2022-03-10T15:58:58+01:00;48.85972615790874,2.325860448181629;Paris;75107
15027;Duhamel - André Gide;True;20;16;4;2;2;True;True;2022-03-10T15:53:15+01:00;48.8365662244334,2.312707121097412;Paris;75115
15032;Félix Faure - Lourmel;True;58;14;44;41;3;True;True;2022-03-10T15:58:09+01:00;48.83868901709515,2.2818081825971603;Paris;75115
21023;Ancienne Mairie - André Morizet;True;25;16;9;5;4;True;True;2022-03-10T15:55:44+01:00;48.838311,2.234077;Boulogne-Billancourt;92012
8003;Galilée - Vernet;True;17;8;9;5;4;True;True;2022-03-10T15:55:23+01:00;48.87171587869726,2.2985444962978363;Paris;75108
17117;Pereire - Saussure;True;32;29;3;2;1;True;True;2022-03-10T15:54:14+01:00;48.88822907547811,2.310129627585411;Paris;75117
19045;Macdonald - Césaria Evora;True;67;67;0;0;0;False;False;2020-06-29T14:52:20+02:00;48.89883,2.37933;Paris;75119
42205;Place Aristide Briand;True;35;35;0;0;0;True;True;2022-03-10T15:49:23+01:00;48.82189236575831,2.413003742694855;Charenton-le-Pont;94018
34009;Dora Maar - Nadia Guendouz;True;30;6;24;19;5;True;True;2022-03-10T15:58:01+01:00;48.90545242130479,2.3220406472682957;Saint-Ouen-sur-Seine;93070
7023;Bourdonnais - Tour Eiffel;True;60;2;57;43;14;True;True;2022-03-10T15:59:05+01:00;48.860897797941,2.29559959844703;Paris;75116
22302;Gare RER - Général de Gaulle;False;0;0;0;0;0;False;False;2021-07-29T14:21:54+02:00;48.929792,2.282294;Asnières-sur-Seine;92004
43004;Montreuil - République;True;25;23;2;0;2;True;True;2022-03-10T15:53:05+01:00;48.85026349463687,2.4345204234123234;Vincennes;94080
9029;Saint-Lazare - Place d'Estienne d'Orves;True;39;10;28;20;8;True;True;2022-03-10T15:59:00+01:00;48.8768345,2.3329067;Paris;75109
8046;Marceau - Président Wilson;True;32;7;22;19;3;True;True;2022-03-10T15:57:31+01:00;48.8652359,2.3002513;Paris;75116
22305;Jean Jaurès - Place du Dr Roux;True;35;20;15;14;1;True;True;2022-03-10T15:58:23+01:00;48.92756703279621,2.2947337017374063;Gennevilliers;92036
20014;Charonne - Alexandre Dumas;True;35;33;2;1;1;True;True;2022-03-10T15:57:42+01:00;48.85607741505607,2.394869327545166;Paris;75120
21954;Val-Fleury;True;23;18;5;0;5;True;True;2022-03-10T15:57:00+01:00;48.807671407991,2.2407217696309;Meudon;92048
17110;Legendre - Nollet;True;30;22;6;3;3;True;True;2022-03-10T15:59:09+01:00;48.887742186754224,2.320293079881375;Paris;75117
22602;Place Henri Dunant - Gare RER;True;31;23;7;1;6;True;True;2022-03-10T15:49:08+01:00;48.787543,2.2907628;Fontenay-aux-Roses;92032
7010;Constantine - Université;True;65;23;41;28;13;True;True;2022-03-10T15:58:19+01:00;48.860680473738334,2.314848195584221;Paris;75107
32023;Guy Môquet - Jean Moulin;True;30;21;7;3;4;True;True;2022-03-10T15:57:28+01:00;48.940931521020836,2.363948999931771;Saint-Denis;93066
22404;Pierre Brossolette - 12 Février 1934;True;25;11;13;7;6;True;True;2022-03-10T15:54:35+01:00;48.8176962416867,2.3076123744249344;Malakoff;92046
26008;Henri Barbusse - Bourguignons;True;34;11;22;5;17;True;True;2022-03-10T15:58:44+01:00;48.91301722799713,2.2734212270774417;Asnières-sur-Seine;92009
8007;Rome - Provence;True;30;1;29;18;11;True;True;2022-03-10T15:55:45+01:00;48.874230055580306,2.325570111724113;Paris;75108
34012;Bateliers - Quai de Seine;False;26;26;0;0;0;False;False;2021-11-17T12:15:51+01:00;48.915817585516,2.3239533298594055;Saint-Ouen-sur-Seine;93070
19102;Rampal - Belleville;True;17;15;1;0;1;True;True;2022-03-10T15:49:43+01:00;48.87302160155955,2.379910983145237;Paris;75119
17126;Hélène et François Missoffe - Emile Borel;True;32;2;28;23;5;True;True;2022-03-10T15:57:41+01:00;48.89990653843488,2.321543991674844;Paris;75117
5033;Saint-Séverin - Saint-Michel;True;30;0;30;21;9;True;True;2022-03-10T15:58:33+01:00;48.85273130548806,2.3440927639603615;Paris;75105
23204;Roland Garros - Jean Bouin;False;0;0;0;0;0;False;False;2021-10-22T10:43:20+02:00;48.8094608571735,2.2853198638300847;Châtillon;92020
21207;Verdier - République;True;29;22;5;0;5;True;True;2022-03-10T15:54:00+01:00;48.81540376627718,2.3173937201499943;Montrouge;92049
31301;Gare RER;True;30;17;9;0;9;True;True;2022-03-10T15:58:51+01:00;48.896241412268,2.4595758300992;Noisy-le-Sec;93053
15120;Colonel Pierre Avia;True;29;7;22;18;4;True;True;2022-03-10T15:57:31+01:00;48.8296843300915,2.275342586850291;Paris;92040
18026;Ruisseau - Ordener;True;35;30;5;4;1;True;True;2022-03-10T15:56:46+01:00;48.89299462568024,2.340144887566567;Paris;75118
21205;Arthur Auger - Jean Jaurès;True;26;11;15;0;15;True;True;2022-03-10T15:56:37+01:00;48.813736445585235,2.3069277405738835;Montrouge;92049
10026;Gare de l'Est - Chateau Landon;True;59;58;1;0;1;True;True;2022-03-10T15:57:18+01:00;48.879305,2.362424;Paris;75110
24007;Jean-Baptiste Charcot - Sainte-Geneviève;True;21;6;15;12;3;True;True;2022-03-10T15:59:00+01:00;48.90310883721567,2.278892956674099;Courbevoie;92026
18024;Clignancourt - Ordener;True;35;35;0;0;0;True;True;2022-03-10T15:55:00+01:00;48.891457726153774,2.348636478060487;Paris;75118
16033;Marché d'Auteuil;True;32;29;3;2;1;True;True;2022-03-10T15:56:19+01:00;48.84842761367387,2.265253821160005;Paris;75116
8002;Gare Saint-Lazare - Cour du Havre;True;45;4;46;21;25;True;True;2022-03-10T15:58:58+01:00;48.87567440085132,2.3265598341822624;Paris;75109
6028;Quatre Vents - Carrefour de l'Odéon;True;37;5;32;28;4;True;True;2022-03-10T15:55:56+01:00;48.851751374458864,2.338161695134053;Paris;75106
12105;Bercy - Villot;True;34;4;35;25;10;True;True;2022-03-10T15:58:50+01:00;48.841795009027,2.3767850184816;Paris;75112
20106;Mairie du 20ème;True;27;27;0;0;0;True;True;2022-03-10T15:57:10+01:00;48.86530232427545,2.3990669846534733;Paris;75120
9104;Caumartin - Provence;True;22;10;20;13;7;True;True;2022-03-10T15:58:12+01:00;48.874422773426545,2.3284685611724854;Paris;75109
19014;Lorraine - Jean Jaurès;True;19;17;2;1;1;True;True;2022-03-10T15:49:14+01:00;48.8863865,2.3825772;Paris;75119
16023;Passy - Place du Costa Rica;True;33;31;2;1;1;True;True;2022-03-10T15:57:16+01:00;48.8584893,2.2839655;Paris;75116
11016;Philippe-Auguste;True;48;47;1;0;1;True;True;2022-03-10T15:54:15+01:00;48.851853488264595,2.393294535577297;Paris;75111
21027;Fief - République;True;25;4;21;15;6;True;True;2022-03-10T15:59:06+01:00;48.83170888166024,2.255771979689598;Boulogne-Billancourt;92012
15044;Dantzig - Lefebvre;True;33;27;6;1;5;True;True;2022-03-10T15:56:58+01:00;48.83013921586756,2.295934036374092;Paris;75115
25002;Hôtel de Ville de Rueil-Malmaison;True;20;10;9;4;5;True;True;2022-03-10T15:49:12+01:00;48.878194,2.181724;Rueil-Malmaison;92063
15113;Arsonval - Falguière;True;25;23;2;1;1;True;True;2022-03-10T15:57:07+01:00;48.84040040365445,2.313117867297474;Paris;75115
20033;Etienne Dolet - Place Maurice Chevalier;True;33;31;2;0;2;True;True;2022-03-10T15:49:43+01:00;48.86798303359366,2.3851405311143026;Paris;75120
19001;Crimée - Ourcq;True;56;56;0;0;0;True;True;2022-03-10T15:58:25+01:00;48.894104140316266,2.372946088467279;Paris;75119
13008;Place d'Italie - Soeur Rosalie;True;52;49;2;0;2;True;True;2022-03-10T15:58:38+01:00;48.83190852039389,2.3546943448098023;Paris;75113
20011;Pyrénées - Dagorno;True;20;16;3;0;3;True;True;2022-03-10T15:57:24+01:00;48.855425770695085,2.4051643162965775;Paris;75120
14025;Jacquier - Didot;True;30;29;1;1;0;True;True;2022-03-10T15:58:16+01:00;48.82953336292279,2.318179272115231;Paris;75114
11018;Saint-Maur - République;True;38;33;5;4;1;True;True;2022-03-10T15:55:56+01:00;48.86418586145509,2.378317415714264;Paris;75111
5105;Geoffroy-Saint-Hilaire - Saint-Marcel;True;17;4;11;6;5;True;True;2022-03-10T15:56:10+01:00;48.83907826424974,2.356877340669728;Paris;75105
13013;Saint-Marcel - Hôpital;True;21;9;12;11;1;True;True;2022-03-10T15:59:09+01:00;48.83950442458303,2.360989417022932;Paris;75113
5031;Lacépède - Linné;True;54;25;28;13;15;True;True;2022-03-10T15:57:28+01:00;48.8437035476636,2.354651279747486;Paris;75105
22007;Commandant Charcot - Bretteville;True;36;29;4;0;4;True;True;2022-03-10T15:56:24+01:00;48.87530570765423,2.2558460757136345;Neuilly-sur-Seine;75116
13037;Ivry - Baudricourt;True;20;19;1;1;0;True;True;2022-03-10T15:58:36+01:00;48.824695995415006,2.363106073577468;Paris;75113
12017;Saint-Mandé - Docteur Arnold Netter;True;39;27;12;6;6;True;True;2022-03-10T15:57:07+01:00;48.84462585769668,2.404946386814118;Paris;75112
13023;Bobillot - Moulin des Prés;True;28;27;1;1;0;True;True;2022-03-10T15:54:22+01:00;48.828657346203094,2.353020646316964;Paris;75113
42027;Verdun - Pierre et Marie Curie;True;26;25;1;0;1;True;True;2022-03-10T15:58:44+01:00;48.812822398263286,2.3707106709480286;Ivry-sur-Seine;94041
21510;Fontaine du Tertre - Calvaire;True;24;22;1;0;1;True;True;2022-03-10T15:56:34+01:00;48.8702539,2.2187778;Suresnes;92073
21033;Sèvres - Maréchal Juin;True;18;8;10;6;4;True;True;2022-03-10T15:56:20+01:00;48.8324305,2.2292812;Boulogne-Billancourt;92012
8044;Alfred de Vigny - Place du Général Brocard;True;33;17;15;8;7;True;True;2022-03-10T15:59:04+01:00;48.87836138361425,2.305254448220567;Paris;75108
22703;Place Jean Mermoz;False;30;30;0;0;0;False;False;2022-02-22T06:06:34+01:00;48.9220937,2.2718348;Bois-Colombes;92009
21112;Claude Debussy - Marc Bloch;True;56;2;47;16;31;True;True;2022-03-10T15:58:17+01:00;48.91038818051166,2.3117771744728093;Clichy;92024
17050;Batignolles - Abel Truchet;True;28;26;2;1;1;True;True;2022-03-10T15:58:17+01:00;48.88310390458221,2.323834749088381;Paris;75117
10028;Gare du Nord - Dunkerque;True;29;24;5;2;3;True;True;2022-03-10T15:56:19+01:00;48.88042350842878,2.3527636751532555;Paris;75110
10151;Gare du Nord - Faubourg Saint-Denis;True;28;19;7;3;4;True;True;2022-03-10T15:58:15+01:00;48.879612765503616,2.3568402975797653;Paris;75110
16140;Hippodrome de Longchamp;True;30;11;19;18;1;True;True;2022-03-10T15:54:56+01:00;48.86413226532,2.239905372262;Paris;75116
44010;8 Mai 1945 - 10 Juillet 1940;True;30;20;10;9;1;True;True;2022-03-10T15:58:52+01:00;48.784567029674,2.3979035764933;Vitry-sur-Seine;94081
20035;Pyrénées - Ménilmontant;True;26;26;0;0;0;True;True;2022-03-10T15:57:03+01:00;48.8693268535238,2.395084574818611;Paris;75120
41212;Nungesser - Santé;True;22;19;2;0;2;True;True;2022-03-10T15:57:43+01:00;48.852335,2.448967;Fontenay-sous-Bois;93048
13053;Chevaleret - Tolbiac;True;21;2;18;11;7;True;True;2022-03-10T15:58:29+01:00;48.82941,2.375934;Paris;75113
18047;St-Ouen - Lamarck;True;45;44;1;1;0;True;True;2022-03-10T15:54:24+01:00;48.891083040295555,2.326735694839291;Paris;75118
35021;Cartier Bresson - Denis Papin;True;32;27;5;0;5;True;True;2022-03-10T15:57:52+01:00;48.902616,2.397814;Pantin;93055
18045;Pierre Ginier - Clichy;True;16;12;3;0;3;True;True;2022-03-10T15:58:57+01:00;48.8867667,2.326228;Paris;75117
22507;Châteaudun - Place de la Liberté;True;26;21;5;3;2;True;True;2022-03-10T15:52:36+01:00;48.90970830301211,2.2454486480600626;La Garenne-Colombes;92035
12165;Champs de Manoeuvre - Cartoucherie;True;20;2;17;7;10;True;True;2022-03-10T15:58:38+01:00;48.835261,2.447974;Paris;75112
23203;Division Leclerc - Kléber;True;25;15;10;10;0;True;True;2022-03-10T15:58:05+01:00;48.798666226364,2.2833752789972;Châtillon;92020
12106;Gare de Lyon - Roland Barthes;True;68;3;65;58;7;True;True;2022-03-10T15:58:50+01:00;48.84395729494058,2.3790882155299187;Paris;75112
22005;Charles de Gaulle - Madrid;True;22;10;11;9;2;True;True;2022-03-10T15:58:48+01:00;48.884432270367995,2.2608044743537907;Neuilly-sur-Seine;92051
23201;Avenir;True;45;36;9;7;2;True;True;2022-03-10T15:55:54+01:00;48.8103438,2.3003776;Châtillon;92020
23205;Parc des Pierrettes;True;23;8;15;0;15;True;True;2022-03-10T15:58:37+01:00;48.7973062,2.2909969;Châtillon;92020
9035;Gare Saint-Lazare - Place de Budapest;True;44;25;19;9;10;True;True;2022-03-10T15:58:54+01:00;48.877753,2.327339;Paris;75109
17127;Porte de Clichy - Place des Nations Unies;True;40;20;19;16;3;True;True;2022-03-10T15:57:44+01:00;48.896737263309504,2.310542999196392;Paris;75117
26009;Marceau Delorme - Pierre Brossolette;True;28;18;9;9;0;True;True;2022-03-10T15:58:29+01:00;48.91206062860357,2.295897423568745;Asnières-sur-Seine;92004
34005;Adrien Lesesne - Docteur Bauer;True;30;25;3;0;3;True;True;2022-03-10T15:50:13+01:00;48.90263867304635,2.348248063431511;Saint-Ouen-sur-Seine;93070
34008;Garibaldi - Gabriel Péri;True;30;14;15;8;7;True;True;2022-03-10T15:59:07+01:00;48.90574191139427,2.331604420805889;Saint-Ouen-sur-Seine;93070
21514;Place de la Paix - Abbé Saint-Pierre;True;24;24;0;0;0;True;True;2022-03-10T15:49:41+01:00;48.86462724459225,2.2047570338469806;Suresnes;92063
31303;Simone Signoret - Paris;True;28;11;16;13;3;True;True;2022-03-10T15:56:55+01:00;48.903600624712865,2.465406596265139;Noisy-le-Sec;93053
17010;Jonquière - Docteur Paul Brousse;True;40;27;12;8;4;True;True;2022-03-10T15:58:54+01:00;48.894799816683985,2.318705212173216;Paris;75117
18023;Ordener - Poissonniers;True;35;33;1;0;1;True;True;2022-03-10T15:57:15+01:00;48.891213890844654,2.351288666219873;Paris;75118
15056;Place Balard;True;22;0;34;27;7;True;True;2022-03-10T15:58:19+01:00;48.836395736424116,2.2784192115068436;Paris;75115
8004;Malesherbes - Place de la Madeleine;True;67;7;70;46;24;True;True;2022-03-10T15:58:59+01:00;48.87040602848252,2.323243509807989;Paris;75108
13123;BNF - Bibliothèque Nationale de France;True;42;4;67;48;19;True;True;2022-03-10T15:58:15+01:00;48.8350268238,2.3760157451034;Paris;75113
32012;Carrefour Pleyel;True;36;8;51;16;35;True;True;2022-03-10T15:57:14+01:00;48.92034156960326,2.3438543826341625;Saint-Denis;93066
4104;Sebastopol - Rambuteau;True;16;1;18;8;10;True;True;2022-03-10T15:57:43+01:00;48.861818092669864,2.3501381278038025;Paris;75104
